98 729
1 96
1 70
1 40
1 10
1 11
1 45
1 81
1 82
1 59
1 95
1 63
2 65
2 66
2 3
2 36
2 97
2 6
2 38
2 8
2 39
2 14
2 79
2 49
2 50
2 21
2 54
2 58
2 92
3 66
3 67
3 58
3 38
3 7
3 70
3 9
3 74
3 60
3 82
3 54
3 25
3 26
3 91
3 28
3 61
3 95
4 32
4 37
4 7
4 9
4 10
4 41
4 12
4 42
4 78
4 17
4 20
4 85
4 23
4 25
4 26
4 61
4 62
5 97
5 68
5 7
5 8
5 9
5 39
5 41
5 17
5 18
5 19
5 20
5 86
5 89
5 58
5 28
5 29
5 30
6 32
6 68
6 70
6 72
6 41
6 11
6 45
6 20
6 55
6 91
6 28
6 29
6 62
7 32
7 89
7 40
7 43
7 12
7 45
7 20
7 86
7 25
7 91
7 28
7 93
7 94
8 35
8 70
8 9
8 42
8 73
8 14
8 15
8 48
8 78
8 18
8 53
8 85
8 86
8 62
9 64
9 66
9 71
9 72
9 42
9 77
9 49
9 53
9 60
9 62
9 95
10 64
10 34
10 70
10 39
10 41
10 42
10 11
10 74
10 14
10 47
10 80
10 82
10 83
10 20
10 84
10 22
10 55
10 26
11 97
11 35
11 69
11 39
11 40
11 41
11 15
11 16
11 19
11 83
11 56
11 95
12 66
12 67
12 71
12 74
12 76
12 45
12 13
12 14
12 15
12 47
12 80
12 51
12 52
12 56
12 27
12 94
13 65
13 66
13 71
13 77
13 60
13 16
13 22
13 23
13 86
13 89
13 90
13 88
13 28
13 61
13 62
14 96
14 71
14 40
14 41
14 72
14 44
14 45
14 77
14 47
14 79
14 17
14 80
14 57
14 26
14 93
15 33
15 67
15 71
15 42
15 76
15 48
15 80
15 81
15 86
15 23
15 87
15 29
16 32
16 96
16 68
16 70
16 39
16 71
16 73
16 74
16 44
16 90
16 28
16 94
17 32
17 34
17 40
17 41
17 44
17 47
17 82
17 19
17 83
17 53
17 23
17 24
17 25
17 90
17 30
18 66
18 67
18 37
18 41
18 47
18 48
18 52
18 21
18 53
18 89
18 28
19 64
19 33
19 96
19 67
19 36
19 41
19 42
19 73
19 77
19 78
19 47
19 80
19 91
19 95
20 89
20 65
20 97
20 76
20 81
20 83
20 25
20 90
20 59
20 92
20 93
20 30
21 96
21 97
21 36
21 71
21 78
21 82
21 84
21 54
21 55
21 27
21 60
21 61
21 30
22 97
22 37
22 72
22 75
22 77
22 79
22 51
22 84
22 85
22 88
22 90
22 59
22 63
23 96
23 35
23 72
23 41
23 76
23 49
23 82
23 60
23 30
24 33
24 34
24 68
24 39
24 71
24 72
24 46
24 79
24 48
24 92
24 53
24 89
24 26
24 60
24 62
25 96
25 67
25 36
25 71
25 40
25 83
25 54
25 90
26 33
26 66
26 35
26 70
26 72
26 41
26 46
26 88
26 90
26 27
26 28
26 63
26 62
26 31
27 34
27 66
27 76
27 78
27 49
27 83
27 53
27 85
27 55
27 86
27 92
28 42
28 49
28 51
28 53
28 56
28 62
29 64
29 65
29 97
29 43
29 76
29 47
29 52
29 89
29 90
29 91
30 32
30 33
30 64
30 96
30 72
30 79
30 81
30 89
30 92
31 64
31 68
31 37
31 70
31 71
31 76
31 48
31 83
31 94
31 87
31 89
31 91
31 93
31 62
32 90
32 38
32 50
32 53
32 57
32 58
32 60
32 61
33 64
33 84
33 38
34 64
34 65
34 97
34 39
34 73
34 74
34 75
34 77
34 48
34 50
34 58
35 64
35 65
35 96
35 69
35 40
35 74
35 47
35 50
35 87
35 56
35 90
35 63
36 64
36 69
36 41
36 52
36 84
36 56
36 63
37 70
37 71
37 77
37 78
37 83
37 52
37 57
37 59
37 92
37 93
37 94
38 68
38 71
38 75
38 44
38 78
38 52
38 55
38 56
38 89
38 93
39 64
39 97
39 73
39 42
39 75
39 44
39 45
39 58
39 94
39 63
40 97
40 68
40 72
40 42
40 83
40 55
40 57
40 94
40 63
41 67
41 71
41 74
41 46
41 47
41 80
41 55
41 63
42 70
42 73
42 78
42 49
42 87
42 61
43 70
43 71
43 53
43 87
43 56
43 59
43 92
43 94
43 63
44 91
44 46
44 47
44 48
44 78
44 79
44 51
44 54
44 59
45 66
45 67
45 71
45 76
45 82
45 53
45 92
45 62
46 67
46 69
46 77
46 80
46 85
46 86
46 92
46 94
47 97
47 49
47 82
47 50
47 53
47 59
48 96
48 67
48 81
48 49
48 84
48 94
49 56
49 90
49 94
50 72
50 83
50 56
50 91
50 94
51 96
51 65
51 66
51 97
51 72
51 79
51 86
51 55
51 57
51 91
51 60
52 64
52 72
52 77
52 80
52 59
53 71
53 74
53 78
53 88
53 61
54 65
54 69
54 79
54 82
54 83
54 56
54 89
54 91
54 60
55 64
55 66
55 68
55 69
55 76
55 83
55 93
56 96
56 66
56 70
56 74
56 76
56 79
56 84
56 91
56 92
56 93
57 64
57 89
57 60
57 93
58 67
58 70
58 74
58 85
58 88
58 62
59 75
59 85
59 94
59 90
59 91
59 93
59 62
60 70
60 71
60 73
60 82
60 90
61 65
61 66
61 74
61 79
61 81
61 82
61 90
61 92
61 63
62 64
62 96
62 67
62 70
62 75
62 82
62 88
62 95
63 85
63 77
63 86
63 87
64 96
64 97
64 72
64 79
64 80
64 87
64 95
65 97
66 73
66 92
66 87
67 96
67 71
67 81
67 84
67 89
67 94
68 72
68 88
68 77
69 88
69 77
70 73
70 74
70 93
70 87
71 96
71 72
71 79
71 93
71 95
72 96
72 78
72 84
72 88
72 91
73 84
73 92
73 87
73 79
74 82
75 95
76 97
76 90
77 85
77 79
78 93
79 89
79 84
79 97
80 89
80 85
80 94
80 95
81 91
81 93
82 96
82 97
82 90
83 88
83 94
84 97
84 85
84 95
86 92
86 93
86 94
87 92
88 89
88 90
90 93
95 96
96 97
