100 780
0 1
0 2
0 3
0 5
0 6
0 30
0 36
0 39
0 41
0 51
0 59
0 64
0 66
0 68
0 69
0 75
0 77
0 79
0 82
0 92
0 93
0 95
0 99
1 8
1 12
1 19
1 43
1 47
1 55
1 56
1 66
1 72
1 78
1 82
1 88
1 94
2 11
2 12
2 41
2 46
2 60
2 64
2 71
2 82
2 83
2 96
2 97
3 4
3 7
3 9
3 15
3 22
3 37
3 39
3 40
3 50
3 51
3 55
3 59
3 66
3 67
3 80
3 93
3 98
4 8
4 10
4 26
4 27
4 29
4 39
4 55
4 59
4 61
4 62
4 67
4 68
4 71
4 75
4 83
4 92
4 96
5 8
5 10
5 11
5 13
5 18
5 21
5 24
5 26
5 27
5 33
5 38
5 42
5 43
5 62
5 63
5 79
5 86
5 99
6 8
6 9
6 10
6 18
6 19
6 20
6 21
6 29
6 30
6 31
6 40
6 42
6 59
6 69
6 87
6 90
6 98
7 12
7 21
7 29
7 30
7 33
7 42
7 46
7 56
7 63
7 69
7 71
7 73
7 92
8 13
8 21
8 26
8 29
8 33
8 41
8 44
8 46
8 87
8 90
8 92
8 94
8 95
8 99
9 10
9 15
9 16
9 19
9 36
9 43
9 49
9 54
9 63
9 71
9 74
9 79
9 86
9 87
10 43
10 50
10 54
10 61
10 63
10 65
10 67
10 72
10 73
10 78
10 96
11 12
11 15
11 21
11 23
11 27
11 35
11 40
11 42
11 43
11 48
11 56
11 65
11 71
11 75
11 81
11 83
11 84
11 85
12 16
12 17
12 20
12 36
12 40
12 41
12 42
12 57
12 70
12 84
12 96
12 98
12 99
13 14
13 15
13 16
13 28
13 46
13 48
13 52
13 53
13 57
13 67
13 68
13 72
13 75
13 77
13 81
13 95
13 99
14 17
14 23
14 24
14 29
14 61
14 62
14 63
14 66
14 67
14 72
14 78
14 87
14 89
14 90
14 91
14 99
15 18
15 27
15 41
15 42
15 45
15 46
15 48
15 58
15 72
15 73
15 78
15 80
15 81
15 94
15 97
16 24
16 30
16 34
16 43
16 49
16 68
16 72
16 77
16 81
16 82
16 87
16 88
17 29
17 33
17 40
17 45
17 69
17 71
17 72
17 74
17 75
17 91
17 95
17 97
18 20
18 24
18 25
18 26
18 31
18 33
18 35
18 41
18 42
18 45
18 48
18 54
18 83
18 84
18 91
19 22
19 29
19 38
19 42
19 48
19 49
19 53
19 54
19 67
19 68
19 90
20 34
20 37
20 42
20 43
20 48
20 65
20 68
20 74
20 78
20 79
20 81
20 92
20 96
20 97
21 26
21 31
21 60
21 66
21 77
21 82
21 84
21 90
21 91
21 93
21 94
21 98
22 28
22 31
22 37
22 55
22 56
22 61
22 62
22 72
22 79
22 83
22 85
22 97
22 98
22 99
23 38
23 52
23 60
23 64
23 73
23 76
23 78
23 80
23 85
23 86
23 89
23 91
23 98
24 31
24 36
24 42
24 50
24 61
24 73
24 77
24 83
24 97
25 27
25 34
25 35
25 40
25 47
25 49
25 54
25 61
25 63
25 69
25 72
25 73
25 80
25 90
25 93
26 37
26 41
26 55
26 68
26 72
26 84
26 91
26 97
27 28
27 29
27 32
27 34
27 36
27 42
27 47
27 63
27 64
27 67
27 71
27 73
27 89
27 91
28 35
28 50
28 54
28 56
28 67
28 77
28 79
28 84
28 86
28 87
28 93
28 99
29 43
29 50
29 52
29 54
29 57
29 63
29 99
30 44
30 48
30 53
30 65
30 66
30 77
30 90
30 91
30 92
30 98
31 33
31 34
31 65
31 73
31 80
31 82
31 90
31 93
31 97
31 99
32 38
32 49
32 63
32 65
32 69
32 71
32 72
32 77
32 84
32 88
32 90
32 92
32 94
32 95
33 39
33 51
33 54
33 58
33 59
33 61
33 62
33 91
34 39
34 65
34 85
34 99
35 40
35 49
35 51
35 59
35 65
35 66
35 74
35 75
35 76
35 78
35 98
35 99
36 41
36 48
36 51
36 57
36 64
36 65
36 66
36 70
36 75
36 88
36 91
36 97
37 42
37 53
37 57
37 64
37 65
37 70
37 85
38 53
38 58
38 60
38 71
38 72
38 78
38 79
38 84
38 93
38 94
38 95
39 45
39 53
39 56
39 57
39 69
39 72
39 76
39 79
39 90
39 94
40 43
40 45
40 46
40 59
40 64
40 65
40 74
40 76
40 95
40 98
41 43
41 56
41 58
41 64
41 69
41 73
41 84
41 95
41 98
42 47
42 48
42 56
42 64
42 68
42 72
42 75
42 81
43 50
43 62
43 71
43 74
43 79
43 88
44 54
44 57
44 60
44 64
44 71
44 72
44 88
44 93
44 95
44 99
45 47
45 48
45 49
45 52
45 55
45 60
45 79
45 80
45 92
46 54
46 63
46 67
46 68
46 72
46 77
46 83
46 93
47 68
47 70
47 78
47 81
47 86
47 87
47 93
47 95
48 50
48 51
48 54
48 60
48 83
48 98
48 99
49 50
49 68
49 82
49 85
49 95
49 97
50 57
50 91
50 95
50 99
51 57
51 73
51 84
51 92
51 95
52 56
52 58
52 61
52 66
52 67
52 73
52 80
52 87
52 92
52 97
52 98
53 60
53 65
53 73
53 78
53 81
54 62
54 72
54 75
54 79
54 89
55 57
55 61
55 66
55 70
55 80
55 83
55 84
55 90
55 92
56 65
56 67
56 69
56 70
56 77
56 84
56 94
57 67
57 71
57 75
57 77
57 80
57 85
57 92
57 93
57 94
57 97
58 61
58 65
58 90
58 94
59 63
59 68
59 71
59 75
59 86
59 89
60 63
60 76
60 86
60 91
60 92
60 94
60 95
61 71
61 72
61 74
61 83
61 91
62 64
62 66
62 67
62 75
62 80
62 82
62 83
62 91
62 93
63 65
63 68
63 71
63 76
63 83
63 89
63 96
63 97
64 78
64 86
64 87
64 88
65 73
65 80
65 81
65 88
65 96
65 97
65 98
66 98
67 74
67 88
67 93
67 99
68 72
68 82
68 85
68 90
68 95
68 97
69 73
69 78
69 89
70 78
70 89
70 99
71 74
71 75
71 88
71 94
72 73
72 80
72 94
72 96
72 97
73 79
73 85
73 89
73 92
73 97
74 80
74 85
74 88
74 93
75 83
76 96
77 91
77 98
78 80
78 86
79 94
80 85
80 90
80 98
81 86
81 90
81 95
81 96
81 99
82 92
82 94
82 99
83 91
83 97
83 98
84 89
84 95
85 86
85 96
85 98
86 99
87 93
87 94
87 95
88 93
89 90
89 91
89 99
90 99
91 94
91 99
92 99
93 99
94 99
95 99
96 97
97 98
97 99
98 99