30 108
0 1
0 2
0 3
0 9
0 11
0 16
0 18
0 20
0 27
1 5
1 6
1 10
1 13
1 19
1 20
1 29
2 7
2 8
2 13
2 14
2 15
2 16
2 28
3 4
3 9
3 20
4 5
4 7
4 16
4 22
4 24
4 25
5 6
5 12
5 13
5 16
5 19
5 20
5 25
5 27
6 12
6 18
6 21
6 25
7 8
7 10
7 13
7 27
7 28
8 19
9 13
9 17
9 22
9 24
10 13
10 21
10 26
10 29
11 12
11 24
11 28
12 13
12 15
12 20
12 24
12 28
13 14
13 19
13 21
13 22
13 24
13 27
13 28
13 29
14 15
14 16
14 18
14 24
15 18
15 23
15 28
16 22
16 23
16 25
17 24
17 27
17 28
18 24
18 25
18 26
18 27
19 29
20 22
20 25
20 29
21 22
21 24
22 25
22 28
23 24
23 27
23 28
23 29
24 28
25 29
26 29
27 29
28 29