100_n_82_k_5_ID.txt 716 0.25 194 290 349 51.26
100_n_82_k_5_ID.txt 716 0.5 683 762 808 -12.85
100_n_82_k_5_ID.txt 716 0.75 1468 1513 1530 -113.69
1000_n_183_k_5_ID.txt 458441 0.25 30876 42608 288684 37.03
1000_n_183_k_5_ID.txt 458441 0.5 124251 133722 327998 28.45
1000_n_183_k_5_ID.txt 458441 0.75 280126 285624 366046 20.15
500_n_168_k_3_ID.txt 102119 0.25 7626 10527 42299 58.58
500_n_168_k_3_ID.txt 102119 0.5 30876 33238 57064 44.12
500_n_168_k_3_ID.txt 102119 0.75 69091 70484 76666 24.92
1000_n_81_k_7_ID.txt 477137 0.25 30876 54442 392941 17.65
1000_n_81_k_7_ID.txt 477137 0.5 124251 143140 411161 13.83
1000_n_81_k_7_ID.txt 477137 0.75 280126 291097 428750 10.14
500_n_77_k_3_ID.txt 112662 0.25 7626 13390 76010 32.53
500_n_77_k_3_ID.txt 112662 0.5 30876 35481 84655 24.86
500_n_77_k_3_ID.txt 112662 0.75 69743 72419 92953 17.49
1000_n_848_k_3_ID.txt 319066 0.25 29837 32232 42136 86.79
1000_n_848_k_3_ID.txt 319066 0.5 116203 118165 125207 60.76
1000_n_848_k_3_ID.txt 319066 0.75 239647 240779 243072 23.82
500_n_388_k_3_ID.txt 74936 0.25 7412 8589 12449 83.39
500_n_388_k_3_ID.txt 74936 0.5 28704 29642 33018 55.94
500_n_388_k_3_ID.txt 74936 0.75 61504 62076 63144 15.74
500_n_79_k_6_ID.txt 113311 0.25 7626 13405 73658 34.99
500_n_79_k_6_ID.txt 113311 0.5 30876 35510 81649 27.94
500_n_79_k_6_ID.txt 113311 0.75 69735 72414 90311 20.3
1000_n_178_k_4_ID.txt 455882 0.25 30876 42524 279237 38.75
1000_n_178_k_4_ID.txt 455882 0.5 124251 133639 317006 30.46
1000_n_178_k_4_ID.txt 455882 0.75 280126 285646 354068 22.33
1000_n_195_k_1_ID.txt 457410 0.25 30876 42767 271975 40.54
1000_n_195_k_1_ID.txt 457410 0.5 124251 133748 318389 30.39
1000_n_195_k_1_ID.txt 457410 0.75 280094 285626 359493 21.41
100_n_56_k_5_ID.txt 2386 0.25 265 506 989 58.55
100_n_56_k_5_ID.txt 2386 0.5 1092 1289 1737 27.2
100_n_56_k_5_ID.txt 2386 0.75 2251 2360 2554 -7.04
100_n_80_k_3_ID.txt 995 0.25 184 308 413 58.49
100_n_80_k_3_ID.txt 995 0.5 969 1070 1212 -21.81
100_n_80_k_3_ID.txt 995 0.75 1744 1808 1856 -86.53
500_n_172_k_8_ID.txt 102613 0.25 7626 10501 42113 58.96
500_n_172_k_8_ID.txt 102613 0.5 30876 33175 57090 44.36
500_n_172_k_8_ID.txt 102613 0.75 69277 70644 76791 25.16
100_n_93_k_5_ID.txt 34 0.25 52 80 84 -147.06
100_n_93_k_5_ID.txt 34 0.5 281 306 311 -814.71
100_n_93_k_5_ID.txt 34 0.75 435 451 453 -1232.35
100_n_92_k_4_ID.txt 105 0.25 96 139 147 -40.0
100_n_92_k_4_ID.txt 105 0.5 327 362 370 -252.38
100_n_92_k_4_ID.txt 105 0.75 725 746 751 -615.24
500_n_470_k_9_ID.txt 51715 0.25 5883 6467 6971 86.52
500_n_470_k_9_ID.txt 51715 0.5 22422 22923 23431 54.69
500_n_470_k_9_ID.txt 51715 0.75 44376 44678 44944 13.09
1000_n_518_k_7_ID.txt 399573 0.25 30860 35530 105889 73.5
1000_n_518_k_7_ID.txt 399573 0.5 123938 127714 177881 55.48
1000_n_518_k_7_ID.txt 399573 0.75 273774 276013 288516 27.79
1000_n_184_k_3_ID.txt 455331 0.25 30876 42203 264002 42.02
1000_n_184_k_3_ID.txt 455331 0.5 124251 133342 306194 32.75
1000_n_184_k_3_ID.txt 455331 0.75 280061 285376 349744 23.19
500_n_81_k_0_ID.txt 112419 0.25 7626 13288 73186 34.9
500_n_81_k_0_ID.txt 112419 0.5 30876 35362 82099 26.97
500_n_81_k_0_ID.txt 112419 0.75 69744 72353 91030 19.03
100_n_93_k_7_ID.txt 23 0.25 46 68 68 -195.65
100_n_93_k_7_ID.txt 23 0.5 193 209 209 -808.7
100_n_93_k_7_ID.txt 23 0.75 385 399 399 -1634.78
1000_n_811_k_2_ID.txt 318640 0.25 29689 32137 45553 85.7
1000_n_811_k_2_ID.txt 318640 0.5 116707 118699 128251 59.75
1000_n_811_k_2_ID.txt 318640 0.75 242328 243452 246459 22.65
500_n_384_k_2_ID.txt 74048 0.25 7247 8464 12801 82.71
500_n_384_k_2_ID.txt 74048 0.5 28854 29855 33625 54.59
500_n_384_k_2_ID.txt 74048 0.75 58893 59460 60962 17.67
500_n_460_k_6_ID.txt 47985 0.25 5741 6340 7014 85.38
500_n_460_k_6_ID.txt 47985 0.5 21380 21884 22451 53.21
500_n_460_k_6_ID.txt 47985 0.75 39744 40020 40367 15.88
1000_n_186_k_9_ID.txt 455665 0.25 30876 42388 268864 41.0
1000_n_186_k_9_ID.txt 455665 0.5 124251 133493 313595 31.18
1000_n_186_k_9_ID.txt 455665 0.75 280014 285355 352429 22.66
500_n_77_k_1_ID.txt 112986 0.25 7626 13425 73882 34.61
500_n_77_k_1_ID.txt 112986 0.5 30876 35505 82316 27.14
500_n_77_k_1_ID.txt 112986 0.75 69742 72463 90712 19.71
100_n_78_k_9_ID.txt 893 0.25 193 306 405 54.65
100_n_78_k_9_ID.txt 893 0.5 823 921 989 -10.75
100_n_78_k_9_ID.txt 893 0.75 1768 1827 1857 -107.95
1000_n_81_k_5_ID.txt 476206 0.25 30876 54084 384695 19.22
1000_n_81_k_5_ID.txt 476206 0.5 124251 142851 402546 15.47
1000_n_81_k_5_ID.txt 476206 0.75 280126 290944 419263 11.96
100_n_94_k_3_ID.txt 23 0.25 39 60 61 -165.22
100_n_94_k_3_ID.txt 23 0.5 94 113 114 -395.65
100_n_94_k_3_ID.txt 23 0.75 480 491 491 -2034.78
100_n_89_k_0_ID.txt 133 0.25 105 159 176 -32.33
100_n_89_k_0_ID.txt 133 0.5 560 604 625 -369.92
100_n_89_k_0_ID.txt 133 0.75 944 975 986 -641.35
100_n_54_k_9_ID.txt 2306 0.25 254 484 856 62.88
100_n_54_k_9_ID.txt 2306 0.5 1087 1270 1638 28.97
100_n_54_k_9_ID.txt 2306 0.75 2291 2394 2470 -7.11
1000_n_82_k_4_ID.txt 476948 0.25 30876 54244 384179 19.45
1000_n_82_k_4_ID.txt 476948 0.5 124251 143017 403015 15.5
1000_n_82_k_4_ID.txt 476948 0.75 280126 291062 421181 11.69
100_n_84_k_8_ID.txt 219 0.25 72 128 159 27.4
100_n_84_k_8_ID.txt 219 0.5 390 445 489 -123.29
100_n_84_k_8_ID.txt 219 0.75 607 646 676 -208.68
500_n_393_k_1_ID.txt 74307 0.25 7415 8601 12439 83.26
500_n_393_k_1_ID.txt 74307 0.5 28601 29567 32758 55.92
500_n_393_k_1_ID.txt 74307 0.75 60044 60626 61705 16.96
500_n_470_k_1_ID.txt 49713 0.25 5443 6043 6571 86.78
500_n_470_k_1_ID.txt 49713 0.5 23078 23578 24157 51.41
500_n_470_k_1_ID.txt 49713 0.75 42326 42631 42936 13.63
1000_n_858_k_6_ID.txt 317977 0.25 29298 31597 40365 87.31
1000_n_858_k_6_ID.txt 317977 0.5 115578 117469 124790 60.76
1000_n_858_k_6_ID.txt 317977 0.75 238330 239444 241545 24.04
1000_n_86_k_9_ID.txt 476804 0.25 30876 54151 388553 18.51
1000_n_86_k_9_ID.txt 476804 0.5 124251 142803 408122 14.4
1000_n_86_k_9_ID.txt 476804 0.75 280126 290953 426511 10.55
1000_n_85_k_0_ID.txt 476497 0.25 30876 54310 395072 17.09
1000_n_85_k_0_ID.txt 476497 0.5 124251 143050 410507 13.85
1000_n_85_k_0_ID.txt 476497 0.75 280126 291060 426508 10.49
1000_n_541_k_0_ID.txt 403366 0.25 30876 35498 98853 75.49
1000_n_541_k_0_ID.txt 403366 0.5 123719 127451 172668 57.19
1000_n_541_k_0_ID.txt 403366 0.75 274757 276984 288960 28.36
1000_n_819_k_4_ID.txt 325145 0.25 29659 32140 46152 85.81
1000_n_819_k_4_ID.txt 325145 0.5 115556 117580 128950 60.34
1000_n_819_k_4_ID.txt 325145 0.75 238115 239299 243617 25.07
100_n_91_k_5_ID.txt 79 0.25 95 136 146 -84.81
100_n_91_k_5_ID.txt 79 0.5 289 322 329 -316.46
100_n_91_k_5_ID.txt 79 0.75 511 532 536 -578.48
500_n_175_k_6_ID.txt 101561 0.25 7626 10452 43087 57.58
500_n_175_k_6_ID.txt 101561 0.5 30876 33136 58203 42.69
500_n_175_k_6_ID.txt 101561 0.75 68987 70321 77566 23.63
100_n_95_k_8_ID.txt 19 0.25 81 98 100 -426.32
100_n_95_k_8_ID.txt 19 0.5 239 254 255 -1242.11
100_n_95_k_8_ID.txt 19 0.75 353 360 362 -1805.26
500_n_395_k_6_ID.txt 73559 0.25 7204 8361 12589 82.89
500_n_395_k_6_ID.txt 73559 0.5 28608 29557 32755 55.47
500_n_395_k_6_ID.txt 73559 0.75 59317 59855 60969 17.12
100_n_60_k_0_ID.txt 2519 0.25 276 514 928 63.16
100_n_60_k_0_ID.txt 2519 0.5 1142 1329 1679 33.35
100_n_60_k_0_ID.txt 2519 0.75 2382 2478 2618 -3.93
500_n_465_k_0_ID.txt 48903 0.25 5993 6607 7154 85.37
500_n_465_k_0_ID.txt 48903 0.5 22212 22733 23290 52.38
500_n_465_k_0_ID.txt 48903 0.75 42796 43104 43450 11.15
1000_n_466_k_1_ID.txt 392086 0.25 30876 35610 109835 71.99
1000_n_466_k_1_ID.txt 392086 0.5 123198 127025 177630 54.7
1000_n_466_k_1_ID.txt 392086 0.75 272291 274543 284625 27.41
1000_n_836_k_7_ID.txt 313192 0.25 28988 31345 41622 86.71
1000_n_836_k_7_ID.txt 313192 0.5 113446 115350 123196 60.66
1000_n_836_k_7_ID.txt 313192 0.75 235563 236683 238860 23.73
1000_n_178_k_0_ID.txt 454453 0.25 30876 42505 268973 40.81
1000_n_178_k_0_ID.txt 454453 0.5 124251 133543 312594 31.22
1000_n_178_k_0_ID.txt 454453 0.75 280032 285464 352137 22.51
100_n_94_k_9_ID.txt 29 0.25 64 85 86 -196.55
100_n_94_k_9_ID.txt 29 0.5 227 246 251 -765.52
100_n_94_k_9_ID.txt 29 0.75 534 545 546 -1782.76
100_n_83_k_2_ID.txt 1162 0.25 215 337 425 63.43
100_n_83_k_2_ID.txt 1162 0.5 847 944 1012 12.91
100_n_83_k_2_ID.txt 1162 0.75 1746 1800 1820 -56.63
100_n_76_k_6_ID.txt 1092 0.25 227 360 527 51.74
100_n_76_k_6_ID.txt 1092 0.5 824 928 1042 4.58
100_n_76_k_6_ID.txt 1092 0.75 1560 1624 1726 -58.06
500_n_76_k_8_ID.txt 112919 0.25 7626 13509 75391 33.23
500_n_76_k_8_ID.txt 112919 0.5 30876 35602 84688 25.0
500_n_76_k_8_ID.txt 112919 0.75 69750 72493 92276 18.28
500_n_465_k_2_ID.txt 50218 0.25 5605 6215 6839 86.38
500_n_465_k_2_ID.txt 50218 0.5 21035 21543 22139 55.91
500_n_465_k_2_ID.txt 50218 0.75 43394 43687 43979 12.42
500_n_388_k_7_ID.txt 72415 0.25 7258 8431 12663 82.51
500_n_388_k_7_ID.txt 72415 0.5 28390 29349 32850 54.64
500_n_388_k_7_ID.txt 72415 0.75 57784 58343 59438 17.92
1000_n_530_k_8_ID.txt 400999 0.25 30876 35603 99253 75.25
1000_n_530_k_8_ID.txt 400999 0.5 123976 127773 171311 57.28
1000_n_530_k_8_ID.txt 400999 0.75 274375 276631 288631 28.02
1000_n_527_k_3_ID.txt 399378 0.25 30873 35586 101125 74.68
1000_n_527_k_3_ID.txt 399378 0.5 123754 127560 171581 57.04
1000_n_527_k_3_ID.txt 399378 0.75 272885 275135 286011 28.39
100_n_82_k_1_ID.txt 720 0.25 156 257 354 50.83
100_n_82_k_1_ID.txt 720 0.5 762 844 904 -25.56
100_n_82_k_1_ID.txt 720 0.75 1415 1467 1526 -111.94
1000_n_844_k_8_ID.txt 309299 0.25 29754 32049 41807 86.48
1000_n_844_k_8_ID.txt 309299 0.5 113019 114866 121098 60.85
1000_n_844_k_8_ID.txt 309299 0.75 236743 237804 239729 22.49
100_n_93_k_1_ID.txt 30 0.25 50 74 78 -160.0
100_n_93_k_1_ID.txt 30 0.5 154 177 181 -503.33
100_n_93_k_1_ID.txt 30 0.75 506 520 524 -1646.67
1000_n_840_k_5_ID.txt 311212 0.25 29207 31539 41725 86.59
1000_n_840_k_5_ID.txt 311212 0.5 112381 114237 121886 60.84
1000_n_840_k_5_ID.txt 311212 0.75 234650 235754 237766 23.6
500_n_470_k_3_ID.txt 46379 0.25 5876 6424 6882 85.16
500_n_470_k_3_ID.txt 46379 0.5 20480 20945 21501 53.64
500_n_470_k_3_ID.txt 46379 0.75 38486 38770 39011 15.89
100_n_63_k_2_ID.txt 2139 0.25 276 498 873 59.19
100_n_63_k_2_ID.txt 2139 0.5 1104 1278 1623 24.12
100_n_63_k_2_ID.txt 2139 0.75 2300 2395 2517 -17.67
1000_n_181_k_2_ID.txt 455272 0.25 30876 42603 274001 39.82
1000_n_181_k_2_ID.txt 455272 0.5 124251 133640 312195 31.43
1000_n_181_k_2_ID.txt 455272 0.75 280093 285584 354061 22.23
1000_n_500_k_5_ID.txt 397160 0.25 30876 35672 101060 74.55
1000_n_500_k_5_ID.txt 397160 0.5 124031 127854 169541 57.31
1000_n_500_k_5_ID.txt 397160 0.75 273873 276043 284647 28.33
100_n_50_k_3_ID.txt 2316 0.25 252 500 996 56.99
100_n_50_k_3_ID.txt 2316 0.5 1079 1271 1628 29.71
100_n_50_k_3_ID.txt 2316 0.75 2292 2396 2593 -11.96
100_n_62_k_1_ID.txt 2235 0.25 262 479 821 63.27
100_n_62_k_1_ID.txt 2235 0.5 1094 1275 1612 27.87
100_n_62_k_1_ID.txt 2235 0.75 2335 2434 2525 -12.98
500_n_85_k_2_ID.txt 112800 0.25 7626 13275 74934 33.57
500_n_85_k_2_ID.txt 112800 0.5 30876 35440 84632 24.97
500_n_85_k_2_ID.txt 112800 0.75 69733 72405 93550 17.07
100_n_83_k_7_ID.txt 834 0.25 175 282 354 57.55
100_n_83_k_7_ID.txt 834 0.5 813 899 947 -13.55
100_n_83_k_7_ID.txt 834 0.75 1528 1579 1604 -92.33
500_n_79_k_7_ID.txt 113628 0.25 7626 13444 75361 33.68
500_n_79_k_7_ID.txt 113628 0.5 30876 35523 84371 25.75
500_n_79_k_7_ID.txt 113628 0.75 69745 72461 93181 17.99
100_n_61_k_8_ID.txt 2386 0.25 249 467 960 59.77
100_n_61_k_8_ID.txt 2386 0.5 1045 1219 1662 30.34
100_n_61_k_8_ID.txt 2386 0.75 2328 2444 2683 -12.45
100_n_94_k_0_ID.txt 25 0.25 48 67 70 -180.0
100_n_94_k_0_ID.txt 25 0.5 273 288 291 -1064.0
100_n_94_k_0_ID.txt 25 0.75 383 397 400 -1500.0
500_n_83_k_5_ID.txt 112220 0.25 7626 13516 73946 34.11
500_n_83_k_5_ID.txt 112220 0.5 30876 35588 83396 25.69
500_n_83_k_5_ID.txt 112220 0.75 69653 72386 91812 18.19
1000_n_851_k_0_ID.txt 311293 0.25 29382 31734 41587 86.64
1000_n_851_k_0_ID.txt 311293 0.5 112776 114704 121905 60.84
1000_n_851_k_0_ID.txt 311293 0.75 229386 230536 232890 25.19
100_n_57_k_7_ID.txt 2479 0.25 263 492 1001 59.62
100_n_57_k_7_ID.txt 2479 0.5 1123 1312 1778 28.28
100_n_57_k_7_ID.txt 2479 0.75 2271 2385 2593 -4.6
100_n_82_k_8_ID.txt 657 0.25 211 309 376 42.77
100_n_82_k_8_ID.txt 657 0.5 892 979 1030 -56.77
100_n_82_k_8_ID.txt 657 0.75 1574 1627 1646 -150.53
100_n_90_k_1_ID.txt 167 0.25 163 221 234 -40.12
100_n_90_k_1_ID.txt 167 0.5 445 496 522 -212.57
100_n_90_k_1_ID.txt 167 0.75 1086 1114 1118 -569.46
500_n_461_k_4_ID.txt 49517 0.25 5583 6191 6846 86.17
500_n_461_k_4_ID.txt 49517 0.5 20453 20971 21625 56.33
500_n_461_k_4_ID.txt 49517 0.75 42720 43033 43319 12.52
100_n_94_k_2_ID.txt 24 0.25 19 40 40 -66.67
100_n_94_k_2_ID.txt 24 0.5 316 331 332 -1283.33
100_n_94_k_2_ID.txt 24 0.75 303 312 312 -1200.0
500_n_79_k_9_ID.txt 113414 0.25 7626 13488 77886 31.33
500_n_79_k_9_ID.txt 113414 0.5 30876 35581 86438 23.79
500_n_79_k_9_ID.txt 113414 0.75 69736 72416 95709 15.61
500_n_171_k_2_ID.txt 102891 0.25 7626 10571 40429 60.71
500_n_171_k_2_ID.txt 102891 0.5 30876 33255 57314 44.3
500_n_171_k_2_ID.txt 102891 0.75 69217 70607 77360 24.81
100_n_90_k_3_ID.txt 100 0.25 96 144 155 -55.0
100_n_90_k_3_ID.txt 100 0.5 301 346 362 -262.0
100_n_90_k_3_ID.txt 100 0.75 987 1016 1026 -926.0
100_n_78_k_4_ID.txt 948 0.25 247 364 449 52.64
100_n_78_k_4_ID.txt 948 0.5 850 948 1002 -5.7
100_n_78_k_4_ID.txt 948 0.75 1521 1581 1623 -71.2
1000_n_186_k_8_ID.txt 456416 0.25 30876 42542 275466 39.65
1000_n_186_k_8_ID.txt 456416 0.5 124251 133578 318653 30.18
1000_n_186_k_8_ID.txt 456416 0.75 280020 285415 359612 21.21
500_n_185_k_9_ID.txt 101089 0.25 7626 10476 36742 63.65
500_n_185_k_9_ID.txt 101089 0.5 30876 33150 52407 48.16
500_n_185_k_9_ID.txt 101089 0.75 68954 70263 75093 25.72
100_n_88_k_2_ID.txt 151 0.25 114 171 182 -20.53
100_n_88_k_2_ID.txt 151 0.5 452 499 513 -239.74
100_n_88_k_2_ID.txt 151 0.75 807 835 845 -459.6
1000_n_508_k_9_ID.txt 387395 0.25 30629 35221 95155 75.44
1000_n_508_k_9_ID.txt 387395 0.5 122804 126438 162475 58.06
1000_n_508_k_9_ID.txt 387395 0.75 271683 273779 282082 27.18
1000_n_78_k_3_ID.txt 476120 0.25 30876 54151 384255 19.29
1000_n_78_k_3_ID.txt 476120 0.5 124251 142783 400365 15.91
1000_n_78_k_3_ID.txt 476120 0.75 280126 290891 417562 12.3
1000_n_501_k_4_ID.txt 397674 0.25 30876 35629 108669 72.67
1000_n_501_k_4_ID.txt 397674 0.5 123678 127519 178535 55.11
1000_n_501_k_4_ID.txt 397674 0.75 274740 277026 287859 27.61
1000_n_512_k_2_ID.txt 395422 0.25 30876 35618 100467 74.59
1000_n_512_k_2_ID.txt 395422 0.5 123839 127652 171473 56.64
1000_n_512_k_2_ID.txt 395422 0.75 273023 275264 286492 27.55
1000_n_83_k_2_ID.txt 476892 0.25 30876 54206 386840 18.88
1000_n_83_k_2_ID.txt 476892 0.5 124251 142949 405226 15.03
1000_n_83_k_2_ID.txt 476892 0.75 280126 291033 423129 11.27
100_n_92_k_9_ID.txt 96 0.25 153 198 213 -121.88
100_n_92_k_9_ID.txt 96 0.5 495 533 544 -466.67
100_n_92_k_9_ID.txt 96 0.75 942 964 966 -906.25
100_n_80_k_0_ID.txt 902 0.25 223 336 425 52.88
100_n_80_k_0_ID.txt 902 0.5 866 962 1047 -16.08
100_n_80_k_0_ID.txt 902 0.75 1777 1830 1863 -106.54
1000_n_518_k_6_ID.txt 401580 0.25 30876 35557 102554 74.46
1000_n_518_k_6_ID.txt 401580 0.5 123817 127544 172454 57.06
1000_n_518_k_6_ID.txt 401580 0.75 274704 276937 288125 28.25
500_n_185_k_1_ID.txt 103065 0.25 7626 10603 39723 61.46
500_n_185_k_1_ID.txt 103065 0.5 30876 33290 55640 46.01
500_n_185_k_1_ID.txt 103065 0.75 69243 70669 78449 23.88
500_n_388_k_8_ID.txt 72704 0.25 7211 8376 13062 82.03
500_n_388_k_8_ID.txt 72704 0.5 28871 29819 33513 53.9
500_n_388_k_8_ID.txt 72704 0.75 59561 60146 61553 15.34
500_n_390_k_9_ID.txt 73916 0.25 7409 8626 13117 82.25
500_n_390_k_9_ID.txt 73916 0.5 29111 30080 32981 55.38
500_n_390_k_9_ID.txt 73916 0.75 59852 60386 61396 16.94
500_n_77_k_4_ID.txt 112841 0.25 7626 13298 78362 30.56
500_n_77_k_4_ID.txt 112841 0.5 30876 35411 86727 23.14
500_n_77_k_4_ID.txt 112841 0.75 69698 72357 96006 14.92
100_n_90_k_7_ID.txt 222 0.25 164 225 240 -8.11
100_n_90_k_7_ID.txt 222 0.5 590 644 656 -195.5
100_n_90_k_7_ID.txt 222 0.75 1135 1167 1177 -430.18
100_n_59_k_4_ID.txt 2367 0.25 233 464 983 58.47
100_n_59_k_4_ID.txt 2367 0.5 1087 1279 1618 31.64
100_n_59_k_4_ID.txt 2367 0.75 2312 2420 2621 -10.73
100_n_94_k_6_ID.txt 43 0.25 56 80 80 -86.05
100_n_94_k_6_ID.txt 43 0.5 338 360 362 -741.86
100_n_94_k_6_ID.txt 43 0.75 384 400 403 -837.21
1000_n_184_k_6_ID.txt 457564 0.25 30876 42497 285076 37.7
1000_n_184_k_6_ID.txt 457564 0.5 124251 133560 325737 28.81
1000_n_184_k_6_ID.txt 457564 0.75 280054 285540 368633 19.44
500_n_165_k_4_ID.txt 102214 0.25 7626 10572 41730 59.17
500_n_165_k_4_ID.txt 102214 0.5 30876 33228 56729 44.5
500_n_165_k_4_ID.txt 102214 0.75 69128 70485 76739 24.92
500_n_381_k_5_ID.txt 73140 0.25 7406 8595 13283 81.84
500_n_381_k_5_ID.txt 73140 0.5 27695 28648 32076 56.14
500_n_381_k_5_ID.txt 73140 0.75 59349 59921 61018 16.57
1000_n_841_k_9_ID.txt 315597 0.25 29525 31859 43387 86.25
1000_n_841_k_9_ID.txt 315597 0.5 113070 114957 123268 60.94
1000_n_841_k_9_ID.txt 315597 0.75 234163 235288 238849 24.32
1000_n_829_k_1_ID.txt 310441 0.25 29445 31771 43159 86.1
1000_n_829_k_1_ID.txt 310441 0.5 115443 117320 125432 59.6
1000_n_829_k_1_ID.txt 310441 0.75 235095 236178 239694 22.79
1000_n_83_k_8_ID.txt 476806 0.25 30876 54113 392255 17.73
1000_n_83_k_8_ID.txt 476806 0.5 124251 142869 410780 13.85
1000_n_83_k_8_ID.txt 476806 0.75 280126 290991 427175 10.41
500_n_462_k_7_ID.txt 50211 0.25 5768 6385 7097 85.87
500_n_462_k_7_ID.txt 50211 0.5 22197 22706 23500 53.2
500_n_462_k_7_ID.txt 50211 0.75 41969 42298 42668 15.02
500_n_467_k_5_ID.txt 47904 0.25 6011 6580 7048 85.29
500_n_467_k_5_ID.txt 47904 0.5 20889 21352 21829 54.43
500_n_467_k_5_ID.txt 47904 0.75 39103 39396 39721 17.08
1000_n_79_k_6_ID.txt 477507 0.25 30876 54030 387898 18.77
1000_n_79_k_6_ID.txt 477507 0.5 124251 142775 406297 14.91
1000_n_79_k_6_ID.txt 477507 0.75 280126 290869 420174 12.01
500_n_182_k_7_ID.txt 100598 0.25 7626 10528 41262 58.98
500_n_182_k_7_ID.txt 100598 0.5 30633 33015 57986 42.36
500_n_182_k_7_ID.txt 100598 0.75 68635 70015 77504 22.96
500_n_396_k_0_ID.txt 72604 0.25 7178 8361 12753 82.43
500_n_396_k_0_ID.txt 72604 0.5 28397 29360 32406 55.37
500_n_396_k_0_ID.txt 72604 0.75 58315 58845 60186 17.1
500_n_463_k_8_ID.txt 49275 0.25 5755 6381 6973 85.85
500_n_463_k_8_ID.txt 49275 0.5 22922 23433 23921 51.45
500_n_463_k_8_ID.txt 49275 0.75 41945 42234 42448 13.85
500_n_176_k_0_ID.txt 102225 0.25 7626 10528 39925 60.94
500_n_176_k_0_ID.txt 102225 0.5 30876 33211 55276 45.93
500_n_176_k_0_ID.txt 102225 0.75 69093 70452 77287 24.4
100_n_94_k_4_ID.txt 22 0.25 85 105 106 -381.82
100_n_94_k_4_ID.txt 22 0.5 182 199 201 -813.64
100_n_94_k_4_ID.txt 22 0.75 273 283 284 -1190.91
100_n_91_k_6_ID.txt 79 0.25 86 123 131 -65.82
100_n_91_k_6_ID.txt 79 0.5 364 400 414 -424.05
100_n_91_k_6_ID.txt 79 0.75 639 667 680 -760.76
500_n_391_k_4_ID.txt 70166 0.25 7073 8221 12286 82.49
500_n_391_k_4_ID.txt 70166 0.5 28520 29449 32186 54.13
500_n_391_k_4_ID.txt 70166 0.75 56810 57338 58713 16.32
1000_n_80_k_1_ID.txt 478702 0.25 30876 54285 391786 18.16
1000_n_80_k_1_ID.txt 478702 0.5 124251 142961 409912 14.37
1000_n_80_k_1_ID.txt 478702 0.75 280126 290983 426211 10.97
100_n_59_k_6_ID.txt 2311 0.25 258 488 841 63.61
100_n_59_k_6_ID.txt 2311 0.5 1111 1290 1542 33.28
100_n_59_k_6_ID.txt 2311 0.75 2363 2475 2572 -11.29
500_n_169_k_5_ID.txt 102894 0.25 7626 10517 42199 58.99
500_n_169_k_5_ID.txt 102894 0.5 30849 33153 57973 43.66
500_n_169_k_5_ID.txt 102894 0.75 69058 70425 76512 25.64
1000_n_177_k_7_ID.txt 455904 0.25 30876 42445 281696 38.21
1000_n_177_k_7_ID.txt 455904 0.5 124251 133549 319787 29.86
1000_n_177_k_7_ID.txt 455904 0.75 279987 285359 359284 21.19
1000_n_16_k_3_ID.txt 493210 0.25 30876 124435 481587 2.36
1000_n_16_k_3_ID.txt 493210 0.5 124251 199095 483988 1.87
1000_n_16_k_3_ID.txt 493210 0.75 280126 323789 486222 1.42
100_n_30_k_8_ID.txt 3608 0.25 276 730 1806 49.94
100_n_30_k_8_ID.txt 3608 0.5 1172 1532 2462 31.76
100_n_30_k_8_ID.txt 3608 0.75 2626 2838 3164 12.31
100_n_10_k_3_ID.txt 4515 0.25 276 1643 3881 14.04
100_n_10_k_3_ID.txt 4515 0.5 1176 2263 4072 9.81
100_n_10_k_3_ID.txt 4515 0.75 2701 3312 4212 6.71
100_n_1_k_8_ID.txt 4751 0.25 276 4533 4749 0.04
100_n_1_k_8_ID.txt 4751 0.5 1176 4580 4749 0.04
100_n_1_k_8_ID.txt 4751 0.75 2701 4650 4749 0.04
1000_n_2_k_5_ID.txt 497381 0.25 30876 450929 497299 0.02
1000_n_2_k_5_ID.txt 497381 0.5 124251 460548 497326 0.01
1000_n_2_k_5_ID.txt 497381 0.75 280126 475842 497353 0.01
500_n_5_k_7_ID.txt 123055 0.25 7626 59647 121583 1.2
500_n_5_k_7_ID.txt 123055 0.5 30876 72547 121850 0.98
500_n_5_k_7_ID.txt 123055 0.75 69751 93997 122098 0.78
100_n_15_k_1_ID.txt 4340 0.25 276 1200 3383 22.05
100_n_15_k_1_ID.txt 4340 0.5 1176 1915 3726 14.15
100_n_15_k_1_ID.txt 4340 0.75 2701 3136 3942 9.17
1000_n_2_k_9_ID.txt 497326 0.25 30876 427475 497183 0.03
1000_n_2_k_9_ID.txt 497326 0.5 124251 441426 497234 0.02
1000_n_2_k_9_ID.txt 497326 0.75 280126 464918 497272 0.01
100_n_1_k_4_ID.txt 4750 0.25 276 4528 4745 0.11
100_n_1_k_4_ID.txt 4750 0.5 1176 4582 4748 0.04
100_n_1_k_4_ID.txt 4750 0.75 2701 4660 4749 0.02
1000_n_8_k_1_ID.txt 495432 0.25 30876 194247 491410 0.81
1000_n_8_k_1_ID.txt 495432 0.5 124251 254801 492315 0.63
1000_n_8_k_1_ID.txt 495432 0.75 280126 356420 493186 0.45
1000_n_36_k_4_ID.txt 488247 0.25 30876 77692 454217 6.97
1000_n_36_k_4_ID.txt 488247 0.5 124251 161770 461239 5.53
1000_n_36_k_4_ID.txt 488247 0.75 280126 302038 468036 4.14
100_n_4_k_6_ID.txt 4652 0.25 276 2727 4530 2.62
100_n_4_k_6_ID.txt 4652 0.5 1176 3136 4563 1.91
100_n_4_k_6_ID.txt 4652 0.75 2701 3828 4594 1.25
500_n_22_k_3_ID.txt 120619 0.25 7626 24963 111165 7.84
500_n_22_k_3_ID.txt 120619 0.5 30876 44824 113316 6.05
500_n_22_k_3_ID.txt 120619 0.75 69751 77842 115133 4.55
1000_n_17_k_0_ID.txt 493154 0.25 30876 124212 480146 2.64
1000_n_17_k_0_ID.txt 493154 0.5 124251 198780 482546 2.15
1000_n_17_k_0_ID.txt 493154 0.75 280126 323629 484932 1.67
500_n_1_k_6_ID.txt 123726 0.25 7626 117776 123711 0.01
500_n_1_k_6_ID.txt 123726 0.5 30876 118964 123715 0.01
500_n_1_k_6_ID.txt 123726 0.75 69751 120934 123720 0.0
100_n_14_k_2_ID.txt 3953 0.25 276 933 2842 28.11
100_n_14_k_2_ID.txt 3953 0.5 1176 1695 3114 21.22
100_n_14_k_2_ID.txt 3953 0.75 2688 2968 3416 13.58
1000_n_3_k_6_ID.txt 497085 0.25 30876 357748 496338 0.15
1000_n_3_k_6_ID.txt 497085 0.5 124251 386060 496477 0.12
1000_n_3_k_6_ID.txt 497085 0.75 280126 432734 496643 0.09
500_n_4_k_8_ID.txt 123371 0.25 7626 77298 122725 0.52
500_n_4_k_8_ID.txt 123371 0.5 30876 86696 122828 0.44
500_n_4_k_8_ID.txt 123371 0.75 69751 102180 122922 0.36
500_n_76_k_0_ID.txt 114018 0.25 7626 13534 77682 31.87
500_n_76_k_0_ID.txt 114018 0.5 30876 35579 85959 24.61
500_n_76_k_0_ID.txt 114018 0.75 69751 72545 94552 17.07
100_n_29_k_6_ID.txt 3700 0.25 276 738 1995 46.08
100_n_29_k_6_ID.txt 3700 0.5 1176 1536 2442 34.0
100_n_29_k_6_ID.txt 3700 0.75 2684 2887 3144 15.03
500_n_461_k_7_ID.txt 50693 0.25 6277 6904 7475 85.25
500_n_461_k_7_ID.txt 50693 0.5 22813 23353 23881 52.89
500_n_461_k_7_ID.txt 50693 0.75 45767 46078 46413 8.44
500_n_11_k_2_ID.txt 122182 0.25 7626 36768 119100 2.52
500_n_11_k_2_ID.txt 122182 0.5 30876 54189 119888 1.88
500_n_11_k_2_ID.txt 122182 0.75 69751 83329 120688 1.22
1000_n_6_k_8_ID.txt 496248 0.25 30876 240861 493849 0.48
1000_n_6_k_8_ID.txt 496248 0.5 124251 292129 494446 0.36
1000_n_6_k_8_ID.txt 496248 0.75 280126 377892 494942 0.26
100_n_5_k_5_ID.txt 4617 0.25 276 2285 4361 5.54
100_n_5_k_5_ID.txt 4617 0.5 1176 2779 4413 4.42
100_n_5_k_5_ID.txt 4617 0.75 2701 3594 4462 3.36
500_n_7_k_1_ID.txt 122958 0.25 7626 53921 121603 1.1
500_n_7_k_1_ID.txt 122958 0.5 30876 67858 121919 0.85
500_n_7_k_1_ID.txt 122958 0.75 69751 91248 122260 0.57
100_n_17_k_7_ID.txt 4008 0.25 276 1001 2892 27.84
100_n_17_k_7_ID.txt 4008 0.5 1176 1761 3152 21.36
100_n_17_k_7_ID.txt 4008 0.75 2690 3014 3549 11.45
1000_n_5_k_1_ID.txt 496470 0.25 30876 263940 494172 0.46
1000_n_5_k_1_ID.txt 496470 0.5 124251 310534 494571 0.38
1000_n_5_k_1_ID.txt 496470 0.75 280126 388817 494973 0.3
500_n_2_k_3_ID.txt 123659 0.25 7626 106229 123585 0.06
500_n_2_k_3_ID.txt 123659 0.5 30876 109753 123610 0.04
500_n_2_k_3_ID.txt 123659 0.75 69751 115615 123631 0.02
1000_n_23_k_5_ID.txt 491466 0.25 30876 100674 471964 3.97
1000_n_23_k_5_ID.txt 491466 0.5 124251 180253 476190 3.11
1000_n_23_k_5_ID.txt 491466 0.75 280126 312823 479912 2.35
100_n_6_k_0_ID.txt 4602 0.25 276 2215 4287 6.84
100_n_6_k_0_ID.txt 4602 0.5 1176 2727 4339 5.71
100_n_6_k_0_ID.txt 4602 0.75 2701 3584 4397 4.45
1000_n_34_k_2_ID.txt 487465 0.25 30876 77831 448058 8.08
1000_n_34_k_2_ID.txt 487465 0.5 124251 161837 454975 6.67
1000_n_34_k_2_ID.txt 487465 0.75 280126 301858 461497 5.33
1000_n_984_k_0_ID.txt 146699 0.25 12542 13026 13132 91.05
1000_n_984_k_0_ID.txt 146699 0.5 41726 42149 42269 71.19
1000_n_984_k_0_ID.txt 146699 0.75 81935 82198 82275 43.92
100_n_3_k_2_ID.txt 4666 0.25 276 2994 4581 1.82
100_n_3_k_2_ID.txt 4666 0.5 1176 3340 4591 1.61
100_n_3_k_2_ID.txt 4666 0.75 2701 3937 4611 1.18
500_n_12_k_7_ID.txt 122068 0.25 7626 36676 118210 3.16
500_n_12_k_7_ID.txt 122068 0.5 30876 54142 119016 2.5
500_n_12_k_7_ID.txt 122068 0.75 69751 83224 119800 1.86
1000_n_1_k_0_ID.txt 497452 0.25 30876 474060 497405 0.01
1000_n_1_k_0_ID.txt 497452 0.5 124251 478756 497421 0.01
1000_n_1_k_0_ID.txt 497452 0.75 280126 486627 497433 0.0
500_n_33_k_3_ID.txt 118836 0.25 7626 19171 101610 14.5
500_n_33_k_3_ID.txt 118836 0.5 30876 40114 104996 11.65
500_n_33_k_3_ID.txt 118836 0.75 69751 75117 108163 8.98
100_n_8_k_5_ID.txt 4521 0.25 276 1640 4024 10.99
100_n_8_k_5_ID.txt 4521 0.5 1176 2252 4158 8.03
100_n_8_k_5_ID.txt 4521 0.75 2701 3324 4276 5.42
100_n_16_k_4_ID.txt 4064 0.25 276 985 2891 28.86
100_n_16_k_4_ID.txt 4064 0.5 1176 1754 3228 20.57
100_n_16_k_4_ID.txt 4064 0.75 2701 3035 3554 12.55
500_n_6_k_2_ID.txt 123122 0.25 7626 60017 122235 0.72
500_n_6_k_2_ID.txt 123122 0.5 30876 72646 122515 0.49
500_n_6_k_2_ID.txt 123122 0.75 69751 93943 122798 0.26
500_n_3_k_0_ID.txt 123466 0.25 7626 83098 123016 0.36
500_n_3_k_0_ID.txt 123466 0.5 30876 91215 123111 0.29
500_n_3_k_0_ID.txt 123466 0.75 69751 104922 123217 0.2
1000_n_4_k_2_ID.txt 496636 0.25 30876 286927 495240 0.28
1000_n_4_k_2_ID.txt 496636 0.5 124251 328919 495551 0.22
1000_n_4_k_2_ID.txt 496636 0.75 280126 399226 495873 0.15
500_n_9_k_4_ID.txt 122507 0.25 7626 42643 119082 2.8
500_n_9_k_4_ID.txt 122507 0.5 30876 58912 119691 2.3
500_n_9_k_4_ID.txt 122507 0.75 69751 86179 120338 1.77
500_n_466_k_3_ID.txt 48787 0.25 5877 6482 6954 85.75
500_n_466_k_3_ID.txt 48787 0.5 22554 23045 23506 51.82
500_n_466_k_3_ID.txt 48787 0.75 43017 43317 43513 10.81
500_n_13_k_4_ID.txt 121524 0.25 7626 30984 116274 4.32
500_n_13_k_4_ID.txt 121524 0.5 30876 49474 117310 3.47
500_n_13_k_4_ID.txt 121524 0.75 69751 80559 118310 2.64
100_n_2_k_1_ID.txt 4734 0.25 276 4074 4719 0.32
100_n_2_k_1_ID.txt 4734 0.5 1176 4204 4723 0.23
100_n_2_k_1_ID.txt 4734 0.75 2701 4439 4725 0.19
1000_n_11_k_9_ID.txt 494418 0.25 30876 147408 486687 1.56
1000_n_11_k_9_ID.txt 494418 0.5 124251 217438 488166 1.26
1000_n_11_k_9_ID.txt 494418 0.75 280126 334334 489677 0.96
100_n_20_k_9_ID.txt 4144 0.25 276 937 2955 28.69
100_n_20_k_9_ID.txt 4144 0.5 1176 1719 3372 18.63
100_n_20_k_9_ID.txt 4144 0.75 2700 3019 3791 8.52
500_n_75_k_7_ID.txt 113679 0.25 7626 13476 78296 31.13
500_n_75_k_7_ID.txt 113679 0.5 30876 35538 86411 23.99
500_n_75_k_7_ID.txt 113679 0.75 69751 72488 94253 17.09
500_n_38_k_6_ID.txt 118791 0.25 7626 19359 104105 12.36
500_n_38_k_6_ID.txt 118791 0.5 30876 40355 107739 9.3
500_n_38_k_6_ID.txt 118791 0.75 69751 75227 110804 6.72
100_n_6_k_2_ID.txt 4569 0.25 276 1842 4334 5.14
100_n_6_k_2_ID.txt 4569 0.5 1176 2429 4436 2.91
100_n_6_k_2_ID.txt 4569 0.75 2701 3411 4488 1.77
100_n_18_k_3_ID.txt 4066 0.25 276 970 2923 28.11
100_n_18_k_3_ID.txt 4066 0.5 1176 1730 3207 21.13
100_n_18_k_3_ID.txt 4066 0.75 2689 3009 3644 10.38
1000_n_5_k_3_ID.txt 496438 0.25 30876 263971 495184 0.25
1000_n_5_k_3_ID.txt 496438 0.5 124251 310695 495654 0.16
1000_n_5_k_3_ID.txt 496438 0.75 280126 388672 495993 0.09
500_n_2_k_1_ID.txt 123693 0.25 7626 112102 123651 0.03
500_n_2_k_1_ID.txt 123693 0.5 30876 114424 123667 0.02
500_n_2_k_1_ID.txt 123693 0.75 69751 118323 123679 0.01
100_n_20_k_5_ID.txt 4061 0.25 276 948 2684 33.91
100_n_20_k_5_ID.txt 4061 0.5 1176 1727 3097 23.74
100_n_20_k_5_ID.txt 4061 0.75 2699 2996 3496 13.91
100_n_9_k_4_ID.txt 4508 0.25 276 1617 4011 11.02
100_n_9_k_4_ID.txt 4508 0.5 1176 2253 4175 7.39
100_n_9_k_4_ID.txt 4508 0.75 2701 3336 4322 4.13
100_n_2_k_3_ID.txt 4735 0.25 276 4069 4719 0.34
100_n_2_k_3_ID.txt 4735 0.5 1176 4215 4723 0.25
100_n_2_k_3_ID.txt 4735 0.75 2701 4421 4730 0.11
500_n_24_k_6_ID.txt 120767 0.25 7626 25082 111444 7.72
500_n_24_k_6_ID.txt 120767 0.5 30876 44745 113198 6.27
500_n_24_k_6_ID.txt 120767 0.75 69751 77848 115018 4.76
500_n_9_k_6_ID.txt 122487 0.25 7626 42587 120414 1.69
500_n_9_k_6_ID.txt 122487 0.5 30876 58809 121009 1.21
500_n_9_k_6_ID.txt 122487 0.75 69751 85928 121541 0.77
1000_n_22_k_8_ID.txt 491638 0.25 30876 100971 474991 3.39
1000_n_22_k_8_ID.txt 491638 0.5 124251 180304 478409 2.69
1000_n_22_k_8_ID.txt 491638 0.75 280126 312915 481989 1.96
100_n_7_k_1_ID.txt 4483 0.25 276 1661 3994 10.91
100_n_7_k_1_ID.txt 4483 0.5 1176 2304 4125 7.99
100_n_7_k_1_ID.txt 4483 0.75 2701 3339 4243 5.35
500_n_3_k_2_ID.txt 123584 0.25 7626 94529 123449 0.11
500_n_3_k_2_ID.txt 123584 0.5 30876 100343 123500 0.07
500_n_3_k_2_ID.txt 123584 0.75 69751 110158 123530 0.04
1000_n_4_k_0_ID.txt 496741 0.25 30876 310664 495919 0.17
1000_n_4_k_0_ID.txt 496741 0.5 124251 347999 496187 0.11
1000_n_4_k_0_ID.txt 496741 0.75 280126 410469 496456 0.06
500_n_16_k_8_ID.txt 121650 0.25 7626 30900 116225 4.46
500_n_16_k_8_ID.txt 121650 0.5 30876 49453 117344 3.54
500_n_16_k_8_ID.txt 121650 0.75 69751 80649 118306 2.75
500_n_6_k_0_ID.txt 123150 0.25 7626 60166 121441 1.39
500_n_6_k_0_ID.txt 123150 0.5 30876 72862 121703 1.17
500_n_6_k_0_ID.txt 123150 0.75 69751 94172 121957 0.97
100_n_16_k_6_ID.txt 4079 0.25 276 946 3200 21.55
100_n_16_k_6_ID.txt 4079 0.5 1176 1724 3508 14.0
100_n_16_k_6_ID.txt 4079 0.75 2676 2966 3798 6.89
1000_n_7_k_9_ID.txt 495903 0.25 30876 217555 492398 0.71
1000_n_7_k_9_ID.txt 495903 0.5 124251 273565 493040 0.58
1000_n_7_k_9_ID.txt 495903 0.75 280126 366941 493821 0.42
100_n_4_k_4_ID.txt 4615 0.25 276 2280 4410 4.44
100_n_4_k_4_ID.txt 4615 0.5 1176 2767 4465 3.25
100_n_4_k_4_ID.txt 4615 0.75 2701 3620 4524 1.97
1000_n_8_k_3_ID.txt 495600 0.25 30876 194413 491718 0.78
1000_n_8_k_3_ID.txt 495600 0.5 124251 255005 492731 0.58
1000_n_8_k_3_ID.txt 495600 0.75 280126 356498 493474 0.43
100_n_1_k_6_ID.txt 4749 0.25 276 4536 4741 0.17
100_n_1_k_6_ID.txt 4749 0.5 1176 4574 4743 0.13
100_n_1_k_6_ID.txt 4749 0.75 2701 4641 4744 0.11
1000_n_2_k_7_ID.txt 497323 0.25 30876 427339 497170 0.03
1000_n_2_k_7_ID.txt 497323 0.5 124251 441472 497218 0.02
1000_n_2_k_7_ID.txt 497323 0.75 280126 464719 497287 0.01
100_n_58_k_2_ID.txt 2256 0.25 264 493 950 57.89
100_n_58_k_2_ID.txt 2256 0.5 1069 1259 1698 24.73
100_n_58_k_2_ID.txt 2256 0.75 2261 2379 2526 -11.97
1000_n_16_k_1_ID.txt 493408 0.25 30876 124336 480806 2.55
1000_n_16_k_1_ID.txt 493408 0.5 124251 199152 483208 2.07
1000_n_16_k_1_ID.txt 493408 0.75 280126 323692 485699 1.56
100_n_4_k_8_ID.txt 4678 0.25 276 2496 4547 2.8
100_n_4_k_8_ID.txt 4678 0.5 1176 2957 4566 2.39
100_n_4_k_8_ID.txt 4678 0.75 2701 3738 4629 1.05
1000_n_7_k_5_ID.txt 495537 0.25 30876 193508 490864 0.94
1000_n_7_k_5_ID.txt 495537 0.5 124251 254476 491759 0.76
1000_n_7_k_5_ID.txt 495537 0.75 280126 356107 492638 0.59
100_n_31_k_5_ID.txt 3602 0.25 276 697 2020 43.92
100_n_31_k_5_ID.txt 3602 0.5 1176 1525 2470 31.43
100_n_31_k_5_ID.txt 3602 0.75 2644 2832 3129 13.13
500_n_1_k_8_ID.txt 123731 0.25 7626 118123 123699 0.03
500_n_1_k_8_ID.txt 123731 0.5 30876 119251 123705 0.02
500_n_1_k_8_ID.txt 123731 0.75 69751 121067 123712 0.02
1000_n_3_k_8_ID.txt 497167 0.25 30876 380722 496658 0.1
1000_n_3_k_8_ID.txt 497167 0.5 124251 404215 496769 0.08
1000_n_3_k_8_ID.txt 497167 0.75 280126 443178 496858 0.06
1000_n_9_k_0_ID.txt 495547 0.25 30876 194562 491570 0.8
1000_n_9_k_0_ID.txt 495547 0.5 124251 255172 492481 0.62
1000_n_9_k_0_ID.txt 495547 0.75 280126 356436 493445 0.42
1000_n_12_k_0_ID.txt 494498 0.25 30876 147287 485919 1.73
1000_n_12_k_0_ID.txt 494498 0.5 124251 217343 487684 1.38
1000_n_12_k_0_ID.txt 494498 0.75 280126 334331 489318 1.05
500_n_4_k_6_ID.txt 123527 0.25 7626 88682 123263 0.21
500_n_4_k_6_ID.txt 123527 0.5 30876 95595 123318 0.17
500_n_4_k_6_ID.txt 123527 0.75 69751 107409 123372 0.13
100_n_14_k_0_ID.txt 4299 0.25 276 1144 3386 21.24
100_n_14_k_0_ID.txt 4299 0.5 1176 1858 3641 15.31
100_n_14_k_0_ID.txt 4299 0.75 2701 3105 3925 8.7
100_n_59_k_1_ID.txt 2257 0.25 257 483 880 61.01
100_n_59_k_1_ID.txt 2257 0.5 1099 1289 1609 28.71
100_n_59_k_1_ID.txt 2257 0.75 2282 2387 2491 -10.37
1000_n_3_k_4_ID.txt 497110 0.25 30876 357605 496637 0.1
1000_n_3_k_4_ID.txt 497110 0.5 124251 385603 496799 0.06
1000_n_3_k_4_ID.txt 497110 0.75 280126 432154 496936 0.04
1000_n_6_k_6_ID.txt 496272 0.25 30876 240593 494380 0.38
1000_n_6_k_6_ID.txt 496272 0.5 124251 291786 494934 0.27
1000_n_6_k_6_ID.txt 496272 0.75 280126 377322 495407 0.17
500_n_1_k_4_ID.txt 123725 0.25 7626 117886 123701 0.02
500_n_1_k_4_ID.txt 123725 0.5 30876 119059 123708 0.01
500_n_1_k_4_ID.txt 123725 0.75 69751 120991 123715 0.01
1000_n_20_k_2_ID.txt 491425 0.25 30876 100835 470329 4.29
1000_n_20_k_2_ID.txt 491425 0.5 124251 180185 473970 3.55
1000_n_20_k_2_ID.txt 491425 0.75 280126 312639 477845 2.76
500_n_36_k_7_ID.txt 118792 0.25 7626 19170 101281 14.74
500_n_36_k_7_ID.txt 118792 0.5 30876 40021 104888 11.7
500_n_36_k_7_ID.txt 118792 0.75 69751 74971 108129 8.98
1000_n_4_k_4_ID.txt 496799 0.25 30876 310917 495351 0.29
1000_n_4_k_4_ID.txt 496799 0.5 124251 348250 495589 0.24
1000_n_4_k_4_ID.txt 496799 0.75 280126 410852 495847 0.19
100_n_7_k_9_ID.txt 4531 0.25 276 1853 4103 9.45
100_n_7_k_9_ID.txt 4531 0.5 1176 2461 4226 6.73
100_n_7_k_9_ID.txt 4531 0.75 2701 3430 4331 4.41
500_n_3_k_6_ID.txt 123456 0.25 7626 83104 123189 0.22
500_n_3_k_6_ID.txt 123456 0.5 30876 91119 123272 0.15
500_n_3_k_6_ID.txt 123456 0.75 69751 104657 123379 0.06
500_n_6_k_4_ID.txt 122907 0.25 7626 54142 121480 1.16
500_n_6_k_4_ID.txt 122907 0.5 30876 68139 121794 0.91
500_n_6_k_4_ID.txt 122907 0.75 69751 91367 122038 0.71
1000_n_10_k_2_ID.txt 494894 0.25 30876 171162 489730 1.04
1000_n_10_k_2_ID.txt 494894 0.5 124251 236501 490932 0.8
1000_n_10_k_2_ID.txt 494894 0.75 280126 345534 492069 0.57
1000_n_1_k_6_ID.txt 497451 0.25 30876 474304 497400 0.01
1000_n_1_k_6_ID.txt 497451 0.5 124251 478975 497415 0.01
1000_n_1_k_6_ID.txt 497451 0.75 280126 486643 497437 0.0
100_n_2_k_7_ID.txt 4720 0.25 276 3924 4684 0.76
100_n_2_k_7_ID.txt 4720 0.5 1176 4066 4691 0.61
100_n_2_k_7_ID.txt 4720 0.75 2701 4364 4698 0.47
1000_n_78_k_6_ID.txt 478337 0.25 30876 54354 398227 16.75
1000_n_78_k_6_ID.txt 478337 0.5 124251 142982 414701 13.3
1000_n_78_k_6_ID.txt 478337 0.75 280126 291063 432449 9.59
1000_n_4_k_8_ID.txt 496942 0.25 30876 333925 495944 0.2
1000_n_4_k_8_ID.txt 496942 0.5 124251 366578 496135 0.16
1000_n_4_k_8_ID.txt 496942 0.75 280126 421543 496324 0.12
1000_n_23_k_3_ID.txt 491719 0.25 30876 100821 470444 4.33
1000_n_23_k_3_ID.txt 491719 0.5 124251 180239 474125 3.58
1000_n_23_k_3_ID.txt 491719 0.75 280126 312633 478464 2.7
500_n_2_k_5_ID.txt 123693 0.25 7626 112306 123653 0.03
500_n_2_k_5_ID.txt 123693 0.5 30876 114614 123666 0.02
500_n_2_k_5_ID.txt 123693 0.75 69751 118334 123678 0.01
1000_n_5_k_7_ID.txt 496247 0.25 30876 240837 493397 0.57
1000_n_5_k_7_ID.txt 496247 0.5 124251 292229 493951 0.46
1000_n_5_k_7_ID.txt 496247 0.75 280126 377969 494506 0.35
100_n_3_k_8_ID.txt 4712 0.25 276 3620 4635 1.63
100_n_3_k_8_ID.txt 4712 0.5 1176 3841 4642 1.49
100_n_3_k_8_ID.txt 4712 0.75 2701 4224 4649 1.34
500_n_7_k_7_ID.txt 122797 0.25 7626 48341 121182 1.32
500_n_7_k_7_ID.txt 122797 0.5 30876 63434 121571 1.0
500_n_7_k_7_ID.txt 122797 0.75 69751 88799 121927 0.71
100_n_20_k_1_ID.txt 4041 0.25 276 938 2704 33.09
100_n_20_k_1_ID.txt 4041 0.5 1176 1713 3133 22.47
100_n_20_k_1_ID.txt 4041 0.75 2700 3006 3520 12.89
100_n_3_k_4_ID.txt 4685 0.25 276 2992 4588 2.07
100_n_3_k_4_ID.txt 4685 0.5 1176 3341 4617 1.45
100_n_3_k_4_ID.txt 4685 0.75 2701 3954 4644 0.88
500_n_2_k_9_ID.txt 123654 0.25 7626 106330 123590 0.05
500_n_2_k_9_ID.txt 123654 0.5 30876 109827 123612 0.03
500_n_2_k_9_ID.txt 123654 0.75 69751 115659 123632 0.02
100_n_6_k_6_ID.txt 4604 0.25 276 2055 4339 5.76
100_n_6_k_6_ID.txt 4604 0.5 1176 2589 4400 4.43
100_n_6_k_6_ID.txt 4604 0.75 2701 3498 4489 2.5
100_n_59_k_5_ID.txt 2407 0.25 276 511 1034 57.04
100_n_59_k_5_ID.txt 2407 0.5 1134 1323 1743 27.59
100_n_59_k_5_ID.txt 2407 0.75 2248 2357 2485 -3.24
500_n_11_k_8_ID.txt 122085 0.25 7626 36572 118166 3.21
500_n_11_k_8_ID.txt 122085 0.5 30876 54087 118974 2.55
500_n_11_k_8_ID.txt 122085 0.75 69751 83190 119900 1.79
1000_n_3_k_0_ID.txt 497078 0.25 30876 357844 496388 0.14
1000_n_3_k_0_ID.txt 497078 0.5 124251 385722 496529 0.11
1000_n_3_k_0_ID.txt 497078 0.75 280126 432214 496645 0.09
500_n_4_k_2_ID.txt 123390 0.25 7626 77662 122687 0.57
500_n_4_k_2_ID.txt 123390 0.5 30876 86873 122816 0.47
500_n_4_k_2_ID.txt 123390 0.75 69751 102188 122926 0.38
1000_n_17_k_6_ID.txt 493072 0.25 30876 123632 479967 2.66
1000_n_17_k_6_ID.txt 493072 0.5 124251 198433 482271 2.19
1000_n_17_k_6_ID.txt 493072 0.75 280126 323558 484862 1.67
500_n_1_k_0_ID.txt 123718 0.25 7626 118013 123694 0.02
500_n_1_k_0_ID.txt 123718 0.5 30876 119196 123701 0.01
500_n_1_k_0_ID.txt 123718 0.75 69751 121164 123707 0.01
1000_n_6_k_2_ID.txt 495858 0.25 30876 218068 493033 0.57
1000_n_6_k_2_ID.txt 495858 0.5 124251 273880 493630 0.45
1000_n_6_k_2_ID.txt 495858 0.75 280126 367208 494321 0.31
500_n_34_k_1_ID.txt 118662 0.25 7626 19359 103698 12.61
500_n_34_k_1_ID.txt 118662 0.5 30876 40230 107109 9.74
500_n_34_k_1_ID.txt 118662 0.75 69751 75132 110375 6.98
1000_n_37_k_1_ID.txt 487679 0.25 30876 77656 452907 7.13
1000_n_37_k_1_ID.txt 487679 0.5 124251 161671 460364 5.6
1000_n_37_k_1_ID.txt 487679 0.75 280126 301842 466654 4.31
100_n_5_k_3_ID.txt 4581 0.25 276 2266 4289 6.37
100_n_5_k_3_ID.txt 4581 0.5 1176 2744 4350 5.04
100_n_5_k_3_ID.txt 4581 0.75 2701 3600 4428 3.34
100_n_61_k_3_ID.txt 2276 0.25 241 458 914 59.84
100_n_61_k_3_ID.txt 2276 0.5 1020 1200 1583 30.45
100_n_61_k_3_ID.txt 2276 0.75 2226 2337 2438 -7.12
500_n_11_k_4_ID.txt 122205 0.25 7626 36583 117154 4.13
500_n_11_k_4_ID.txt 122205 0.5 30876 54100 118004 3.44
500_n_11_k_4_ID.txt 122205 0.75 69751 83281 118844 2.75
1000_n_9_k_4_ID.txt 495140 0.25 30876 171131 490280 0.98
1000_n_9_k_4_ID.txt 495140 0.5 124251 236336 491447 0.75
1000_n_9_k_4_ID.txt 495140 0.75 280126 345434 492726 0.49
500_n_83_k_2_ID.txt 113228 0.25 7626 13387 73893 34.74
500_n_83_k_2_ID.txt 113228 0.5 30876 35423 82528 27.11
500_n_83_k_2_ID.txt 113228 0.75 69742 72450 91776 18.95
100_n_14_k_8_ID.txt 4252 0.25 276 1119 3485 18.04
100_n_14_k_8_ID.txt 4252 0.5 1176 1868 3691 13.19
100_n_14_k_8_ID.txt 4252 0.75 2700 3090 3911 8.02
100_n_29_k_0_ID.txt 3579 0.25 276 696 1901 46.88
100_n_29_k_0_ID.txt 3579 0.5 1176 1517 2435 31.96
100_n_29_k_0_ID.txt 3579 0.75 2661 2849 3169 11.46
100_n_34_k_3_ID.txt 3625 0.25 276 695 1902 47.53
100_n_34_k_3_ID.txt 3625 0.5 1176 1505 2574 28.99
100_n_34_k_3_ID.txt 3625 0.75 2670 2860 3243 10.54
1000_n_12_k_8_ID.txt 494497 0.25 30876 148021 487619 1.39
1000_n_12_k_8_ID.txt 494497 0.5 124251 217934 489146 1.08
1000_n_12_k_8_ID.txt 494497 0.75 280126 334616 490676 0.77
500_n_5_k_1_ID.txt 123251 0.25 7626 65855 122213 0.84
500_n_5_k_1_ID.txt 123251 0.5 30876 77336 122459 0.64
500_n_5_k_1_ID.txt 123251 0.75 69751 96626 122666 0.47
1000_n_2_k_3_ID.txt 497317 0.25 30876 427738 497195 0.02
1000_n_2_k_3_ID.txt 497317 0.5 124251 441688 497236 0.02
1000_n_2_k_3_ID.txt 497317 0.75 280126 464910 497274 0.01
1000_n_7_k_1_ID.txt 496039 0.25 30876 217127 494023 0.41
1000_n_7_k_1_ID.txt 496039 0.5 124251 273160 494626 0.28
1000_n_7_k_1_ID.txt 496039 0.75 280126 366951 495266 0.16
1000_n_84_k_3_ID.txt 477211 0.25 30876 54246 383610 19.61
1000_n_84_k_3_ID.txt 477211 0.5 124251 142985 402097 15.74
1000_n_84_k_3_ID.txt 477211 0.75 280126 290962 418779 12.24
100_n_10_k_5_ID.txt 4285 0.25 276 1190 3505 18.2
100_n_10_k_5_ID.txt 4285 0.5 1176 1908 3643 14.98
100_n_10_k_5_ID.txt 4285 0.75 2701 3112 3827 10.69
100_n_57_k_0_ID.txt 2246 0.25 276 504 958 57.35
100_n_57_k_0_ID.txt 2246 0.5 1081 1272 1689 24.8
100_n_57_k_0_ID.txt 2246 0.75 2308 2422 2606 -16.03
100_n_4_k_0_ID.txt 4704 0.25 276 3204 4609 2.02
100_n_4_k_0_ID.txt 4704 0.5 1176 3524 4625 1.68
100_n_4_k_0_ID.txt 4704 0.75 2701 4082 4666 0.81
100_n_10_k_9_ID.txt 4503 0.25 276 1413 3921 12.92
100_n_10_k_9_ID.txt 4503 0.5 1176 2102 4043 10.22
100_n_10_k_9_ID.txt 4503 0.75 2701 3240 4213 6.44
1000_n_8_k_7_ID.txt 495513 0.25 30876 194299 491107 0.89
1000_n_8_k_7_ID.txt 495513 0.5 124251 254818 491927 0.72
1000_n_8_k_7_ID.txt 495513 0.75 280126 355873 492856 0.54
500_n_10_k_7_ID.txt 122526 0.25 7626 42183 120305 1.81
500_n_10_k_7_ID.txt 122526 0.5 30876 58448 120907 1.32
500_n_10_k_7_ID.txt 122526 0.75 69751 85793 121506 0.83
100_n_1_k_2_ID.txt 4747 0.25 276 4514 4744 0.06
100_n_1_k_2_ID.txt 4747 0.5 1176 4551 4745 0.04
100_n_1_k_2_ID.txt 4747 0.75 2701 4637 4746 0.02
500_n_11_k_6_ID.txt 122269 0.25 7626 36612 119078 2.61
500_n_11_k_6_ID.txt 122269 0.5 30876 54084 119902 1.94
500_n_11_k_6_ID.txt 122269 0.75 69751 83364 120662 1.31
1000_n_37_k_3_ID.txt 487626 0.25 30876 77519 448515 8.02
1000_n_37_k_3_ID.txt 487626 0.5 124251 161493 455419 6.6
1000_n_37_k_3_ID.txt 487626 0.75 280126 301768 462680 5.12
500_n_1_k_2_ID.txt 123727 0.25 7626 117863 123702 0.02
500_n_1_k_2_ID.txt 123727 0.5 30876 119031 123714 0.01
500_n_1_k_2_ID.txt 123727 0.75 69751 120986 123719 0.01
1000_n_6_k_0_ID.txt 496259 0.25 30876 241226 493662 0.52
1000_n_6_k_0_ID.txt 496259 0.5 124251 292556 494183 0.42
1000_n_6_k_0_ID.txt 496259 0.75 280126 378184 494750 0.3
1000_n_3_k_2_ID.txt 497174 0.25 30876 380630 496849 0.07
1000_n_3_k_2_ID.txt 497174 0.5 124251 404129 496965 0.04
1000_n_3_k_2_ID.txt 497174 0.75 280126 442902 497076 0.02
1000_n_80_k_0_ID.txt 477979 0.25 30876 54265 390773 18.24
1000_n_80_k_0_ID.txt 477979 0.5 124251 142903 408923 14.45
1000_n_80_k_0_ID.txt 477979 0.75 280126 291099 424094 11.27
100_n_14_k_6_ID.txt 4287 0.25 276 1218 3315 22.67
100_n_14_k_6_ID.txt 4287 0.5 1176 1944 3606 15.89
100_n_14_k_6_ID.txt 4287 0.75 2701 3142 3836 10.52
500_n_4_k_0_ID.txt 123292 0.25 7626 71378 122511 0.63
500_n_4_k_0_ID.txt 123292 0.5 30876 82012 122665 0.51
500_n_4_k_0_ID.txt 123292 0.75 69751 99432 122803 0.4
1000_n_24_k_9_ID.txt 491345 0.25 30876 100414 471672 4.0
1000_n_24_k_9_ID.txt 491345 0.5 124251 179789 475808 3.16
1000_n_24_k_9_ID.txt 491345 0.75 280126 312567 479627 2.38
100_n_1_k_0_ID.txt 4748 0.25 276 4511 4745 0.06
100_n_1_k_0_ID.txt 4748 0.5 1176 4564 4746 0.04
100_n_1_k_0_ID.txt 4748 0.75 2701 4645 4746 0.04
1000_n_8_k_5_ID.txt 495038 0.25 30876 171083 488855 1.25
1000_n_8_k_5_ID.txt 495038 0.5 124251 236423 490088 1.0
1000_n_8_k_5_ID.txt 495038 0.75 280126 345495 491256 0.76
100_n_4_k_2_ID.txt 4633 0.25 276 2504 4421 4.58
100_n_4_k_2_ID.txt 4633 0.5 1176 2971 4455 3.84
100_n_4_k_2_ID.txt 4633 0.75 2701 3717 4498 2.91
500_n_15_k_7_ID.txt 121676 0.25 7626 30575 115593 5.0
500_n_15_k_7_ID.txt 121676 0.5 30876 49306 116822 3.99
500_n_15_k_7_ID.txt 121676 0.75 69751 80509 118017 3.01
1000_n_36_k_0_ID.txt 487817 0.25 30876 77707 451755 7.39
1000_n_36_k_0_ID.txt 487817 0.5 124251 161677 458129 6.09
1000_n_36_k_0_ID.txt 487817 0.75 280126 301947 465393 4.6
500_n_35_k_0_ID.txt 118736 0.25 7626 19251 101154 14.81
500_n_35_k_0_ID.txt 118736 0.5 30876 40120 104583 11.92
500_n_35_k_0_ID.txt 118736 0.75 69751 75099 108064 8.99
1000_n_7_k_3_ID.txt 495993 0.25 30876 217452 492367 0.73
1000_n_7_k_3_ID.txt 495993 0.5 124251 273600 493149 0.57
1000_n_7_k_3_ID.txt 495993 0.75 280126 367076 493728 0.46
100_n_10_k_7_ID.txt 4411 0.25 276 1378 3804 13.76
100_n_10_k_7_ID.txt 4411 0.5 1176 2058 3946 10.54
100_n_10_k_7_ID.txt 4411 0.75 2701 3210 4133 6.3
500_n_5_k_3_ID.txt 123103 0.25 7626 59867 122231 0.71
500_n_5_k_3_ID.txt 123103 0.5 30876 72707 122481 0.51
500_n_5_k_3_ID.txt 123103 0.75 69751 93988 122701 0.33
1000_n_8_k_9_ID.txt 495682 0.25 30876 194898 491359 0.87
1000_n_8_k_9_ID.txt 495682 0.5 124251 255306 492180 0.71
1000_n_8_k_9_ID.txt 495682 0.75 280126 356638 493028 0.54
500_n_10_k_9_ID.txt 122485 0.25 7626 42628 119070 2.79
500_n_10_k_9_ID.txt 122485 0.5 30876 58920 119786 2.2
500_n_10_k_9_ID.txt 122485 0.75 69751 85934 120460 1.65
1000_n_2_k_1_ID.txt 497393 0.25 30876 450962 497318 0.02
1000_n_2_k_1_ID.txt 497393 0.5 124251 460289 497349 0.01
1000_n_2_k_1_ID.txt 497393 0.75 280126 475747 497370 0.0
500_n_16_k_2_ID.txt 121706 0.25 7626 30689 114760 5.71
500_n_16_k_2_ID.txt 121706 0.5 30876 49361 116065 4.63
500_n_16_k_2_ID.txt 121706 0.75 69751 80583 117449 3.5
1000_n_35_k_5_ID.txt 487526 0.25 30876 77312 454587 6.76
1000_n_35_k_5_ID.txt 487526 0.5 124251 161400 461657 5.31
1000_n_35_k_5_ID.txt 487526 0.75 280126 301820 468343 3.93
500_n_3_k_8_ID.txt 123532 0.25 7626 88691 123294 0.19
500_n_3_k_8_ID.txt 123532 0.5 30876 95757 123360 0.14
500_n_3_k_8_ID.txt 123532 0.75 69751 107439 123425 0.09
500_n_9_k_0_ID.txt 122644 0.25 7626 42570 119888 2.25
500_n_9_k_0_ID.txt 122644 0.5 30876 58913 120552 1.71
500_n_9_k_0_ID.txt 122644 0.75 69751 86097 121191 1.18
100_n_2_k_5_ID.txt 4737 0.25 276 4071 4722 0.32
100_n_2_k_5_ID.txt 4737 0.5 1176 4190 4723 0.3
100_n_2_k_5_ID.txt 4737 0.75 2701 4422 4734 0.06
1000_n_1_k_8_ID.txt 497453 0.25 30876 474188 497399 0.01
1000_n_1_k_8_ID.txt 497453 0.5 124251 478840 497410 0.01
1000_n_1_k_8_ID.txt 497453 0.75 280126 486611 497430 0.0
500_n_6_k_6_ID.txt 122942 0.25 7626 54134 121453 1.21
500_n_6_k_6_ID.txt 122942 0.5 30876 68228 121796 0.93
500_n_6_k_6_ID.txt 122942 0.75 69751 91368 122157 0.64
1000_n_10_k_0_ID.txt 495049 0.25 30876 170959 487266 1.57
1000_n_10_k_0_ID.txt 495049 0.5 124251 236388 488630 1.3
1000_n_10_k_0_ID.txt 495049 0.75 280126 345322 489704 1.08
1000_n_1_k_4_ID.txt 497452 0.25 30876 474297 497407 0.01
1000_n_1_k_4_ID.txt 497452 0.5 124251 478908 497423 0.01
1000_n_1_k_4_ID.txt 497452 0.75 280126 486721 497436 0.0
100_n_2_k_9_ID.txt 4730 0.25 276 4074 4718 0.25
100_n_2_k_9_ID.txt 4730 0.5 1176 4193 4719 0.23
100_n_2_k_9_ID.txt 4730 0.75 2701 4429 4724 0.13
500_n_36_k_5_ID.txt 118672 0.25 7626 19264 101209 14.72
500_n_36_k_5_ID.txt 118672 0.5 30876 40185 104870 11.63
500_n_36_k_5_ID.txt 118672 0.75 69751 75189 107740 9.21
1000_n_4_k_6_ID.txt 496796 0.25 30876 311163 495444 0.27
1000_n_4_k_6_ID.txt 496796 0.5 124251 348371 495690 0.22
1000_n_4_k_6_ID.txt 496796 0.75 280126 410566 495914 0.18
100_n_13_k_2_ID.txt 4335 0.25 276 1196 3526 18.66
100_n_13_k_2_ID.txt 4335 0.5 1176 1920 3759 13.29
100_n_13_k_2_ID.txt 4335 0.75 2701 3139 3994 7.87
1000_n_35_k_9_ID.txt 488210 0.25 30876 77599 454651 6.87
1000_n_35_k_9_ID.txt 488210 0.5 124251 161652 461742 5.42
1000_n_35_k_9_ID.txt 488210 0.75 280126 301970 468503 4.04
500_n_3_k_4_ID.txt 123518 0.25 7626 89231 123173 0.28
500_n_3_k_4_ID.txt 123518 0.5 30876 96180 123234 0.23
500_n_3_k_4_ID.txt 123518 0.75 69751 107773 123321 0.16
100_n_97_k_0_ID.txt 0 0.25 0 0 0 0
100_n_97_k_0_ID.txt 0 0.5 0 0 0 0
100_n_97_k_0_ID.txt 0 0.75 0 0 0 0
1000_n_5_k_9_ID.txt 496502 0.25 30876 264177 494485 0.41
1000_n_5_k_9_ID.txt 496502 0.5 124251 310864 494853 0.33
1000_n_5_k_9_ID.txt 496502 0.75 280126 388857 495306 0.24
1000_n_79_k_7_ID.txt 475664 0.25 30876 54110 386168 18.81
1000_n_79_k_7_ID.txt 475664 0.5 124251 142844 403971 15.07
1000_n_79_k_7_ID.txt 475664 0.75 280126 291000 420315 11.64
500_n_20_k_1_ID.txt 120618 0.25 7626 24951 111170 7.83
500_n_20_k_1_ID.txt 120618 0.5 30876 44700 113019 6.3
500_n_20_k_1_ID.txt 120618 0.75 69751 77754 115060 4.61
100_n_3_k_6_ID.txt 4707 0.25 276 3159 4644 1.34
100_n_3_k_6_ID.txt 4707 0.5 1176 3473 4662 0.96
100_n_3_k_6_ID.txt 4707 0.75 2701 4032 4679 0.59
500_n_12_k_3_ID.txt 122147 0.25 7626 36848 118518 2.97
500_n_12_k_3_ID.txt 122147 0.5 30876 54428 119430 2.22
500_n_12_k_3_ID.txt 122147 0.75 69751 83446 120174 1.62
1000_n_89_k_1_ID.txt 476986 0.25 30876 54065 383475 19.6
1000_n_89_k_1_ID.txt 476986 0.5 124251 142753 402319 15.65
1000_n_89_k_1_ID.txt 476986 0.75 280126 290972 420956 11.75
500_n_7_k_9_ID.txt 122748 0.25 7626 48372 120570 1.77
500_n_7_k_9_ID.txt 122748 0.5 30876 63341 120911 1.5
500_n_7_k_9_ID.txt 122748 0.75 69751 88578 121418 1.08
500_n_7_k_5_ID.txt 122979 0.25 7626 54380 121246 1.41
500_n_7_k_5_ID.txt 122979 0.5 30876 68224 121583 1.14
500_n_7_k_5_ID.txt 122979 0.75 69751 91270 122005 0.79
1000_n_83_k_5_ID.txt 478394 0.25 30876 54231 391941 18.07
1000_n_83_k_5_ID.txt 478394 0.5 124251 143000 410683 14.15
1000_n_83_k_5_ID.txt 478394 0.75 280126 291173 428298 10.47
500_n_2_k_7_ID.txt 123666 0.25 7626 106460 123520 0.12
500_n_2_k_7_ID.txt 123666 0.5 30876 109924 123549 0.09
500_n_2_k_7_ID.txt 123666 0.75 69751 115728 123582 0.07
1000_n_5_k_5_ID.txt 496501 0.25 30876 264439 495274 0.25
1000_n_5_k_5_ID.txt 496501 0.5 124251 310935 495633 0.17
1000_n_5_k_5_ID.txt 496501 0.75 280126 389047 495997 0.1
1000_n_4_k_3_ID.txt 496718 0.25 30876 287818 495440 0.26
1000_n_4_k_3_ID.txt 496718 0.5 124251 329794 495701 0.2
1000_n_4_k_3_ID.txt 496718 0.75 280126 399811 496008 0.14
1000_n_15_k_7_ID.txt 493203 0.25 30876 124224 479650 2.75
1000_n_15_k_7_ID.txt 493203 0.5 124251 198871 481841 2.3
1000_n_15_k_7_ID.txt 493203 0.75 280126 323382 484462 1.77
500_n_3_k_1_ID.txt 123543 0.25 7626 88838 123305 0.19
500_n_3_k_1_ID.txt 123543 0.5 30876 95822 123380 0.13
500_n_3_k_1_ID.txt 123543 0.75 69751 107478 123455 0.07
500_n_6_k_3_ID.txt 123032 0.25 7626 54109 121990 0.85
500_n_6_k_3_ID.txt 123032 0.5 30876 68119 122269 0.62
500_n_6_k_3_ID.txt 123032 0.75 69751 91534 122593 0.36
1000_n_1_k_1_ID.txt 497445 0.25 30876 474064 497404 0.01
1000_n_1_k_1_ID.txt 497445 0.5 124251 478678 497414 0.01
1000_n_1_k_1_ID.txt 497445 0.75 280126 486635 497432 0.0
500_n_469_k_4_ID.txt 47416 0.25 5689 6284 6833 85.59
500_n_469_k_4_ID.txt 47416 0.5 21350 21848 22399 52.76
500_n_469_k_4_ID.txt 47416 0.75 39712 40012 40261 15.09
100_n_8_k_8_ID.txt 4438 0.25 276 1598 3903 12.05
100_n_8_k_8_ID.txt 4438 0.5 1176 2229 4025 9.31
100_n_8_k_8_ID.txt 4438 0.75 2701 3293 4139 6.74
100_n_2_k_0_ID.txt 4722 0.25 276 3829 4677 0.95
100_n_2_k_0_ID.txt 4722 0.5 1176 4017 4688 0.72
100_n_2_k_0_ID.txt 4722 0.75 2701 4337 4701 0.44
500_n_21_k_7_ID.txt 120581 0.25 7626 24973 110730 8.17
500_n_21_k_7_ID.txt 120581 0.5 30876 44757 112648 6.58
500_n_21_k_7_ID.txt 120581 0.75 69751 77795 114610 4.95
100_n_7_k_2_ID.txt 4473 0.25 276 1610 4034 9.81
100_n_7_k_2_ID.txt 4473 0.5 1176 2227 4123 7.82
100_n_7_k_2_ID.txt 4473 0.75 2701 3287 4239 5.23
500_n_2_k_2_ID.txt 123706 0.25 7626 112295 123662 0.04
500_n_2_k_2_ID.txt 123706 0.5 30876 114541 123680 0.02
500_n_2_k_2_ID.txt 123706 0.75 69751 118383 123696 0.01
100_n_12_k_4_ID.txt 4249 0.25 276 1181 3418 19.56
100_n_12_k_4_ID.txt 4249 0.5 1176 1909 3608 15.09
100_n_12_k_4_ID.txt 4249 0.75 2701 3114 3824 10.0
500_n_20_k_8_ID.txt 120403 0.25 7626 25017 111056 7.76
500_n_20_k_8_ID.txt 120403 0.5 30876 44903 112824 6.29
500_n_20_k_8_ID.txt 120403 0.75 69751 77881 114459 4.94
1000_n_5_k_0_ID.txt 496422 0.25 30876 263792 494439 0.4
1000_n_5_k_0_ID.txt 496422 0.5 124251 310594 494802 0.33
1000_n_5_k_0_ID.txt 496422 0.75 280126 388534 495236 0.24
1000_n_11_k_6_ID.txt 494886 0.25 30876 170924 489423 1.1
1000_n_11_k_6_ID.txt 494886 0.5 124251 236228 490558 0.87
1000_n_11_k_6_ID.txt 494886 0.75 280126 345538 491900 0.6
100_n_3_k_3_ID.txt 4713 0.25 276 3155 4656 1.21
100_n_3_k_3_ID.txt 4713 0.5 1176 3494 4661 1.1
100_n_3_k_3_ID.txt 4713 0.75 2701 4059 4692 0.45
500_n_467_k_1_ID.txt 51588 0.25 6216 6810 7374 85.71
500_n_467_k_1_ID.txt 51588 0.5 22420 22912 23531 54.39
500_n_467_k_1_ID.txt 51588 0.75 44550 44851 45153 12.47
500_n_92_k_9_ID.txt 112468 0.25 7626 13406 74018 34.19
500_n_92_k_9_ID.txt 112468 0.5 30876 35530 82954 26.24
500_n_92_k_9_ID.txt 112468 0.75 69696 72451 90608 19.44
100_n_6_k_1_ID.txt 4604 0.25 276 2313 4366 5.17
100_n_6_k_1_ID.txt 4604 0.5 1176 2808 4464 3.04
100_n_6_k_1_ID.txt 4604 0.75 2701 3629 4516 1.91
1000_n_3_k_7_ID.txt 497032 0.25 30876 357207 496563 0.09
1000_n_3_k_7_ID.txt 497032 0.5 124251 385331 496724 0.06
1000_n_3_k_7_ID.txt 497032 0.75 280126 431948 496866 0.03
500_n_4_k_5_ID.txt 123407 0.25 7626 77251 123014 0.32
500_n_4_k_5_ID.txt 123407 0.5 30876 86522 123144 0.21
500_n_4_k_5_ID.txt 123407 0.75 69751 102077 123263 0.12
1000_n_12_k_3_ID.txt 494187 0.25 30876 147731 486961 1.46
1000_n_12_k_3_ID.txt 494187 0.5 124251 217785 488446 1.16
1000_n_12_k_3_ID.txt 494187 0.75 280126 334526 490063 0.83
500_n_1_k_7_ID.txt 123724 0.25 7626 117930 123696 0.02
500_n_1_k_7_ID.txt 123724 0.5 30876 119109 123701 0.02
500_n_1_k_7_ID.txt 123724 0.75 69751 121036 123711 0.01
500_n_464_k_8_ID.txt 46988 0.25 5085 5664 6020 87.19
500_n_464_k_8_ID.txt 46988 0.5 20461 20952 21522 54.2
500_n_464_k_8_ID.txt 46988 0.75 40744 41034 41326 12.05
1000_n_6_k_5_ID.txt 495857 0.25 30876 217717 492575 0.66
1000_n_6_k_5_ID.txt 495857 0.5 124251 273801 493240 0.53
1000_n_6_k_5_ID.txt 495857 0.75 280126 367282 493872 0.4
100_n_5_k_8_ID.txt 4637 0.25 276 2317 4411 4.87
100_n_5_k_8_ID.txt 4637 0.5 1176 2817 4461 3.8
100_n_5_k_8_ID.txt 4637 0.75 2701 3635 4530 2.31
1000_n_37_k_6_ID.txt 487989 0.25 30876 77658 452915 7.19
1000_n_37_k_6_ID.txt 487989 0.5 124251 161566 459240 5.89
1000_n_37_k_6_ID.txt 487989 0.75 280126 301896 465744 4.56
500_n_14_k_1_ID.txt 121573 0.25 7626 30883 116609 4.08
500_n_14_k_1_ID.txt 121573 0.5 30876 49388 117590 3.28
500_n_14_k_1_ID.txt 121573 0.75 69751 80562 118634 2.42
100_n_5_k_4_ID.txt 4604 0.25 276 2038 4381 4.84
100_n_5_k_4_ID.txt 4604 0.5 1176 2587 4445 3.45
100_n_5_k_4_ID.txt 4604 0.75 2701 3538 4528 1.65
1000_n_6_k_9_ID.txt 496306 0.25 30876 240762 493694 0.53
1000_n_6_k_9_ID.txt 496306 0.5 124251 292439 494245 0.42
1000_n_6_k_9_ID.txt 496306 0.75 280126 378099 494820 0.3
1000_n_9_k_3_ID.txt 495023 0.25 30876 171238 489329 1.15
1000_n_9_k_3_ID.txt 495023 0.5 124251 236581 490323 0.95
1000_n_9_k_3_ID.txt 495023 0.75 280126 345642 491413 0.73
500_n_4_k_9_ID.txt 123353 0.25 7626 71598 122677 0.55
500_n_4_k_9_ID.txt 123353 0.5 30876 82100 122816 0.44
500_n_4_k_9_ID.txt 123353 0.75 69751 99606 122968 0.31
500_n_76_k_1_ID.txt 112994 0.25 7626 13403 74639 33.94
500_n_76_k_1_ID.txt 112994 0.5 30876 35493 82534 26.96
500_n_76_k_1_ID.txt 112994 0.75 69741 72353 90944 19.51
500_n_5_k_6_ID.txt 123057 0.25 7626 60057 121510 1.26
500_n_5_k_6_ID.txt 123057 0.5 30876 72811 121752 1.06
500_n_5_k_6_ID.txt 123057 0.75 69751 94060 122026 0.84
1000_n_2_k_4_ID.txt 497336 0.25 30876 427504 497187 0.03
1000_n_2_k_4_ID.txt 497336 0.5 124251 441590 497231 0.02
1000_n_2_k_4_ID.txt 497336 0.75 280126 464798 497288 0.01
100_n_1_k_9_ID.txt 4748 0.25 276 4528 4745 0.06
100_n_1_k_9_ID.txt 4748 0.5 1176 4581 4746 0.04
100_n_1_k_9_ID.txt 4748 0.75 2701 4655 4747 0.02
1000_n_7_k_6_ID.txt 495956 0.25 30876 217193 492906 0.61
1000_n_7_k_6_ID.txt 495956 0.5 124251 273410 493596 0.48
1000_n_7_k_6_ID.txt 495956 0.75 280126 367072 494244 0.35
1000_n_16_k_2_ID.txt 493444 0.25 30876 124306 482649 2.19
1000_n_16_k_2_ID.txt 493444 0.5 124251 198947 485276 1.66
1000_n_16_k_2_ID.txt 493444 0.75 280126 323692 487642 1.18
100_n_4_k_7_ID.txt 4660 0.25 276 2731 4526 2.88
100_n_4_k_7_ID.txt 4660 0.5 1176 3139 4566 2.02
100_n_4_k_7_ID.txt 4660 0.75 2701 3826 4609 1.09
500_n_22_k_2_ID.txt 120726 0.25 7626 25179 111922 7.29
500_n_22_k_2_ID.txt 120726 0.5 30876 44948 113458 6.02
500_n_22_k_2_ID.txt 120726 0.75 69751 77841 114912 4.82
500_n_10_k_0_ID.txt 122157 0.25 7626 36639 118125 3.3
500_n_10_k_0_ID.txt 122157 0.5 30876 54100 118840 2.72
500_n_10_k_0_ID.txt 122157 0.75 69751 83186 119513 2.16
100_n_1_k_5_ID.txt 4746 0.25 276 4534 4739 0.15
100_n_1_k_5_ID.txt 4746 0.5 1176 4584 4740 0.13
100_n_1_k_5_ID.txt 4746 0.75 2701 4669 4743 0.06
1000_n_2_k_8_ID.txt 497334 0.25 30876 427680 497173 0.03
1000_n_2_k_8_ID.txt 497334 0.5 124251 441629 497228 0.02
1000_n_2_k_8_ID.txt 497334 0.75 280126 465001 497271 0.01
500_n_82_k_6_ID.txt 114585 0.25 7626 13479 77893 32.02
500_n_82_k_6_ID.txt 114585 0.5 30876 35585 86389 24.61
500_n_82_k_6_ID.txt 114585 0.75 69720 72504 95671 16.51
500_n_11_k_1_ID.txt 122029 0.25 7626 36481 118155 3.17
500_n_11_k_1_ID.txt 122029 0.5 30876 53915 118874 2.59
500_n_11_k_1_ID.txt 122029 0.75 69751 83028 119726 1.89
1000_n_3_k_9_ID.txt 497151 0.25 30876 380909 496645 0.1
1000_n_3_k_9_ID.txt 497151 0.5 124251 404191 496728 0.09
1000_n_3_k_9_ID.txt 497151 0.75 280126 443361 496841 0.06
100_n_91_k_0_ID.txt 85 0.25 66 108 117 -37.65
100_n_91_k_0_ID.txt 85 0.5 316 349 359 -322.35
100_n_91_k_0_ID.txt 85 0.75 904 928 936 -1001.18
100_n_31_k_4_ID.txt 3546 0.25 276 709 1815 48.82
100_n_31_k_4_ID.txt 3546 0.5 1176 1516 2347 33.81
100_n_31_k_4_ID.txt 3546 0.75 2613 2804 3136 11.56
500_n_1_k_9_ID.txt 123725 0.25 7626 117892 123709 0.01
500_n_1_k_9_ID.txt 123725 0.5 30876 119058 123716 0.01
500_n_1_k_9_ID.txt 123725 0.75 69751 120989 123721 0.0
500_n_14_k_3_ID.txt 121521 0.25 7626 30899 114315 5.93
500_n_14_k_3_ID.txt 121521 0.5 30876 49595 115395 5.04
500_n_14_k_3_ID.txt 121521 0.75 69751 80607 116613 4.04
100_n_56_k_6_ID.txt 2090 0.25 246 473 858 58.95
100_n_56_k_6_ID.txt 2090 0.5 1038 1217 1465 29.9
100_n_56_k_6_ID.txt 2090 0.75 2114 2216 2342 -12.06
500_n_1_k_5_ID.txt 123727 0.25 7626 118005 123716 0.01
500_n_1_k_5_ID.txt 123727 0.5 30876 119173 123721 0.0
500_n_1_k_5_ID.txt 123727 0.75 69751 121114 123724 0.0
1000_n_988_k_0_ID.txt 162959 0.25 12656 13165 13289 91.85
1000_n_988_k_0_ID.txt 162959 0.5 44879 45307 45448 72.11
1000_n_988_k_0_ID.txt 162959 0.75 88844 89110 89180 45.27
100_n_11_k_3_ID.txt 4369 0.25 276 1382 3604 17.51
100_n_11_k_3_ID.txt 4369 0.5 1176 2046 3825 12.45
100_n_11_k_3_ID.txt 4369 0.75 2701 3205 4045 7.42
1000_n_6_k_7_ID.txt 495882 0.25 30876 218062 491919 0.8
1000_n_6_k_7_ID.txt 495882 0.5 124251 274012 492667 0.65
1000_n_6_k_7_ID.txt 495882 0.75 280126 367123 493354 0.51
1000_n_3_k_5_ID.txt 497196 0.25 30876 381076 496816 0.08
1000_n_3_k_5_ID.txt 497196 0.5 124251 404285 496920 0.06
1000_n_3_k_5_ID.txt 497196 0.75 280126 443179 497018 0.04
500_n_4_k_7_ID.txt 123344 0.25 7626 71489 122570 0.63
500_n_4_k_7_ID.txt 123344 0.5 30876 81994 122751 0.48
500_n_4_k_7_ID.txt 123344 0.75 69751 99387 122904 0.36
1000_n_12_k_1_ID.txt 494368 0.25 30876 147143 485211 1.85
1000_n_12_k_1_ID.txt 494368 0.5 124251 217158 487102 1.47
1000_n_12_k_1_ID.txt 494368 0.75 280126 334198 488905 1.11
100_n_29_k_9_ID.txt 3457 0.25 276 711 1802 47.87
100_n_29_k_9_ID.txt 3457 0.5 1143 1488 2352 31.96
100_n_29_k_9_ID.txt 3457 0.75 2576 2774 3091 10.59
500_n_5_k_8_ID.txt 123296 0.25 7626 65601 122471 0.67
500_n_5_k_8_ID.txt 123296 0.5 30876 77221 122675 0.5
500_n_5_k_8_ID.txt 123296 0.75 69751 96696 122894 0.33
1000_n_81_k_8_ID.txt 477087 0.25 30876 54128 387139 18.85
1000_n_81_k_8_ID.txt 477087 0.5 124251 142873 403853 15.35
1000_n_81_k_8_ID.txt 477087 0.75 280126 290926 420693 11.82
500_n_82_k_4_ID.txt 112294 0.25 7626 13360 76397 31.97
500_n_82_k_4_ID.txt 112294 0.5 30876 35473 84598 24.66
500_n_82_k_4_ID.txt 112294 0.75 69751 72441 92583 17.55
1000_n_8_k_2_ID.txt 495498 0.25 30876 194994 491001 0.91
1000_n_8_k_2_ID.txt 495498 0.5 124251 255644 491880 0.73
1000_n_8_k_2_ID.txt 495498 0.75 280126 356493 492753 0.55
100_n_1_k_7_ID.txt 4751 0.25 276 4519 4750 0.02
100_n_1_k_7_ID.txt 4751 0.5 1176 4560 4750 0.02
100_n_1_k_7_ID.txt 4751 0.75 2701 4632 4750 0.02
500_n_22_k_0_ID.txt 120594 0.25 7626 25153 112733 6.52
500_n_22_k_0_ID.txt 120594 0.5 30876 44905 114359 5.17
500_n_22_k_0_ID.txt 120594 0.75 69751 77895 116046 3.77
100_n_4_k_5_ID.txt 4626 0.25 276 2516 4495 2.83
100_n_4_k_5_ID.txt 4626 0.5 1176 2965 4542 1.82
100_n_4_k_5_ID.txt 4626 0.75 2701 3760 4592 0.73
500_n_15_k_0_ID.txt 121647 0.25 7626 30929 116307 4.39
500_n_15_k_0_ID.txt 121647 0.5 30876 49535 117462 3.44
500_n_15_k_0_ID.txt 121647 0.75 69751 80564 118567 2.53
1000_n_7_k_8_ID.txt 495505 0.25 30876 193676 489777 1.16
1000_n_7_k_8_ID.txt 495505 0.5 124251 254379 490715 0.97
1000_n_7_k_8_ID.txt 495505 0.75 280126 355815 491543 0.8
1000_n_36_k_7_ID.txt 488102 0.25 30876 77542 454452 6.89
1000_n_36_k_7_ID.txt 488102 0.5 124251 161592 461219 5.51
1000_n_36_k_7_ID.txt 488102 0.75 280126 301748 467851 4.15
1000_n_7_k_4_ID.txt 495919 0.25 30876 217455 492657 0.66
1000_n_7_k_4_ID.txt 495919 0.5 124251 273500 493376 0.51
1000_n_7_k_4_ID.txt 495919 0.75 280126 367016 494194 0.35
100_n_4_k_9_ID.txt 4665 0.25 276 2545 4495 3.64
100_n_4_k_9_ID.txt 4665 0.5 1176 2984 4554 2.38
100_n_4_k_9_ID.txt 4665 0.75 2701 3751 4590 1.61
500_n_5_k_4_ID.txt 123223 0.25 7626 65597 122229 0.81
500_n_5_k_4_ID.txt 123223 0.5 30876 77181 122431 0.64
500_n_5_k_4_ID.txt 123223 0.75 69751 96727 122612 0.5
1000_n_2_k_6_ID.txt 497394 0.25 30876 450725 497298 0.02
1000_n_2_k_6_ID.txt 497394 0.5 124251 460074 497330 0.01
1000_n_2_k_6_ID.txt 497394 0.75 280126 475761 497352 0.01
500_n_82_k_8_ID.txt 113839 0.25 7626 13503 74176 34.84
500_n_82_k_8_ID.txt 113839 0.5 30876 35556 83200 26.91
500_n_82_k_8_ID.txt 113839 0.75 69751 72482 92230 18.98
100_n_7_k_0_ID.txt 4469 0.25 276 1378 3977 11.01
100_n_7_k_0_ID.txt 4469 0.5 1176 2085 4086 8.57
100_n_7_k_0_ID.txt 4469 0.75 2701 3201 4231 5.33
500_n_16_k_5_ID.txt 121695 0.25 7626 30755 116889 3.95
500_n_16_k_5_ID.txt 121695 0.5 30876 49282 118165 2.9
500_n_16_k_5_ID.txt 121695 0.75 69751 80455 119461 1.84
500_n_21_k_5_ID.txt 120629 0.25 7626 24807 109980 8.83
500_n_21_k_5_ID.txt 120629 0.5 30876 44697 111994 7.16
500_n_21_k_5_ID.txt 120629 0.75 69751 77810 114019 5.48
100_n_13_k_9_ID.txt 4289 0.25 276 1177 3383 21.12
100_n_13_k_9_ID.txt 4289 0.5 1176 1901 3642 15.09
100_n_13_k_9_ID.txt 4289 0.75 2701 3115 3891 9.28
1000_n_15_k_9_ID.txt 493309 0.25 30876 124626 481440 2.41
1000_n_15_k_9_ID.txt 493309 0.5 124251 199321 483764 1.93
1000_n_15_k_9_ID.txt 493309 0.75 280126 323665 485987 1.48
100_n_2_k_2_ID.txt 4741 0.25 276 4039 4725 0.34
100_n_2_k_2_ID.txt 4741 0.5 1176 4185 4729 0.25
100_n_2_k_2_ID.txt 4741 0.75 2701 4437 4732 0.19
1000_n_10_k_7_ID.txt 495167 0.25 30876 170911 489390 1.17
1000_n_10_k_7_ID.txt 495167 0.5 124251 236040 490522 0.94
1000_n_10_k_7_ID.txt 495167 0.75 280126 345003 491724 0.7
100_n_8_k_6_ID.txt 4532 0.25 276 1860 4096 9.62
100_n_8_k_6_ID.txt 4532 0.5 1176 2414 4193 7.48
100_n_8_k_6_ID.txt 4532 0.75 2701 3394 4295 5.23
1000_n_1_k_3_ID.txt 497451 0.25 30876 473935 497419 0.01
1000_n_1_k_3_ID.txt 497451 0.5 124251 478641 497431 0.0
1000_n_1_k_3_ID.txt 497451 0.75 280126 486432 497439 0.0
500_n_36_k_2_ID.txt 119042 0.25 7626 19113 103129 13.37
500_n_36_k_2_ID.txt 119042 0.5 30876 40032 106428 10.6
500_n_36_k_2_ID.txt 119042 0.75 69751 75131 110055 7.55
1000_n_4_k_1_ID.txt 496837 0.25 30876 310588 495696 0.23
1000_n_4_k_1_ID.txt 496837 0.5 124251 348030 495964 0.18
1000_n_4_k_1_ID.txt 496837 0.75 280126 410775 496194 0.13
500_n_3_k_3_ID.txt 123516 0.25 7626 88757 123159 0.29
500_n_3_k_3_ID.txt 123516 0.5 30876 95690 123214 0.24
500_n_3_k_3_ID.txt 123516 0.75 69751 107401 123289 0.18
500_n_8_k_4_ID.txt 122730 0.25 7626 48207 120756 1.61
500_n_8_k_4_ID.txt 122730 0.5 30876 63398 121180 1.26
500_n_8_k_4_ID.txt 122730 0.75 69751 88586 121652 0.88
100_n_6_k_3_ID.txt 4553 0.25 276 1823 4175 8.3
100_n_6_k_3_ID.txt 4553 0.5 1176 2415 4261 6.41
100_n_6_k_3_ID.txt 4553 0.75 2701 3415 4305 5.45
500_n_468_k_9_ID.txt 45838 0.25 4665 5234 5770 87.41
500_n_468_k_9_ID.txt 45838 0.5 19634 20133 20695 54.85
500_n_468_k_9_ID.txt 45838 0.75 39437 39753 40046 12.64
100_n_3_k_1_ID.txt 4678 0.25 276 2977 4549 2.76
100_n_3_k_1_ID.txt 4678 0.5 1176 3331 4576 2.18
100_n_3_k_1_ID.txt 4678 0.75 2701 3915 4594 1.8
1000_n_11_k_8_ID.txt 495008 0.25 30876 170907 489182 1.18
1000_n_11_k_8_ID.txt 495008 0.5 124251 235964 490399 0.93
1000_n_11_k_8_ID.txt 495008 0.75 280126 345039 491665 0.68
100_n_17_k_8_ID.txt 4195 0.25 276 991 3085 26.46
100_n_17_k_8_ID.txt 4195 0.5 1176 1765 3435 18.12
100_n_17_k_8_ID.txt 4195 0.75 2697 3036 3787 9.73
1000_n_23_k_6_ID.txt 491613 0.25 30876 100140 471433 4.1
1000_n_23_k_6_ID.txt 491613 0.5 124251 179654 475104 3.36
1000_n_23_k_6_ID.txt 491613 0.75 280126 312363 479569 2.45
500_n_2_k_0_ID.txt 123704 0.25 7626 112244 123660 0.04
500_n_2_k_0_ID.txt 123704 0.5 30876 114594 123681 0.02
500_n_2_k_0_ID.txt 123704 0.75 69751 118351 123697 0.01
1000_n_5_k_2_ID.txt 496443 0.25 30876 263611 494505 0.39
1000_n_5_k_2_ID.txt 496443 0.5 124251 310645 494897 0.31
1000_n_5_k_2_ID.txt 496443 0.75 280126 388651 495321 0.23
1000_n_827_k_0_ID.txt 310858 0.25 28933 31308 41102 86.78
1000_n_827_k_0_ID.txt 310858 0.5 114508 116413 123895 60.14
1000_n_827_k_0_ID.txt 310858 0.75 238542 239635 242375 22.03
1000_n_21_k_4_ID.txt 491395 0.25 30876 100790 471308 4.09
1000_n_21_k_4_ID.txt 491395 0.5 124251 180272 474878 3.36
1000_n_21_k_4_ID.txt 491395 0.75 280126 312782 478671 2.59
1000_n_16_k_4_ID.txt 493014 0.25 30876 124149 481127 2.41
1000_n_16_k_4_ID.txt 493014 0.5 124251 198808 483548 1.92
1000_n_16_k_4_ID.txt 493014 0.75 280126 323676 486058 1.41
1000_n_7_k_0_ID.txt 495987 0.25 30876 217604 492725 0.66
1000_n_7_k_0_ID.txt 495987 0.5 124251 273709 493325 0.54
1000_n_7_k_0_ID.txt 495987 0.75 280126 367050 493929 0.41
1000_n_2_k_2_ID.txt 497451 0.25 30876 474380 497411 0.01
1000_n_2_k_2_ID.txt 497451 0.5 124251 479057 497423 0.01
1000_n_2_k_2_ID.txt 497451 0.75 280126 486748 497442 0.0
1000_n_13_k_6_ID.txt 494317 0.25 30876 146909 486677 1.55
1000_n_13_k_6_ID.txt 494317 0.5 124251 217171 488437 1.19
1000_n_13_k_6_ID.txt 494317 0.75 280126 334261 490111 0.85
100_n_1_k_3_ID.txt 4748 0.25 276 4537 4743 0.11
100_n_1_k_3_ID.txt 4748 0.5 1176 4580 4744 0.08
100_n_1_k_3_ID.txt 4748 0.75 2701 4661 4747 0.02
100_n_28_k_2_ID.txt 3584 0.25 276 716 1903 46.9
100_n_28_k_2_ID.txt 3584 0.5 1176 1521 2448 31.7
100_n_28_k_2_ID.txt 3584 0.75 2677 2867 3172 11.5
1000_n_16_k_8_ID.txt 493134 0.25 30876 123868 480924 2.48
1000_n_16_k_8_ID.txt 493134 0.5 124251 198485 483256 2.0
1000_n_16_k_8_ID.txt 493134 0.75 280126 323285 485377 1.57
100_n_10_k_8_ID.txt 4358 0.25 276 1377 3607 17.23
100_n_10_k_8_ID.txt 4358 0.5 1176 2049 3805 12.69
100_n_10_k_8_ID.txt 4358 0.75 2701 3206 3952 9.32
500_n_22_k_4_ID.txt 120603 0.25 7626 24799 110703 8.21
500_n_22_k_4_ID.txt 120603 0.5 30876 44647 112677 6.57
500_n_22_k_4_ID.txt 120603 0.75 69751 77752 114582 4.99
100_n_4_k_1_ID.txt 4640 0.25 276 2664 4494 3.15
100_n_4_k_1_ID.txt 4640 0.5 1176 3097 4537 2.22
100_n_4_k_1_ID.txt 4640 0.75 2701 3790 4562 1.68
500_n_1_k_1_ID.txt 123726 0.25 7626 117960 123685 0.03
500_n_1_k_1_ID.txt 123726 0.5 30876 119127 123692 0.03
500_n_1_k_1_ID.txt 123726 0.75 69751 121042 123693 0.03
500_n_4_k_3_ID.txt 123444 0.25 7626 77207 122989 0.37
500_n_4_k_3_ID.txt 123444 0.5 30876 86568 123123 0.26
500_n_4_k_3_ID.txt 123444 0.75 69751 102071 123255 0.15
1000_n_12_k_5_ID.txt 494269 0.25 30876 147837 485456 1.78
1000_n_12_k_5_ID.txt 494269 0.5 124251 217892 487026 1.47
1000_n_12_k_5_ID.txt 494269 0.75 280126 334544 488478 1.17
1000_n_9_k_9_ID.txt 495026 0.25 30876 170913 487584 1.5
1000_n_9_k_9_ID.txt 495026 0.5 124251 236464 488894 1.24
1000_n_9_k_9_ID.txt 495026 0.75 280126 345552 490100 1.0
1000_n_3_k_1_ID.txt 497157 0.25 30876 380880 496834 0.06
1000_n_3_k_1_ID.txt 497157 0.5 124251 404110 496936 0.04
1000_n_3_k_1_ID.txt 497157 0.75 280126 442990 497065 0.02
100_n_29_k_1_ID.txt 3621 0.25 276 722 1987 45.13
100_n_29_k_1_ID.txt 3621 0.5 1176 1534 2584 28.64
100_n_29_k_1_ID.txt 3621 0.75 2644 2831 3188 11.96
500_n_11_k_5_ID.txt 122261 0.25 7626 36655 118640 2.96
500_n_11_k_5_ID.txt 122261 0.5 30876 54089 119450 2.3
500_n_11_k_5_ID.txt 122261 0.75 69751 83315 120328 1.58
100_n_5_k_2_ID.txt 4616 0.25 276 2048 4321 6.39
100_n_5_k_2_ID.txt 4616 0.5 1176 2601 4432 3.99
100_n_5_k_2_ID.txt 4616 0.75 2701 3516 4520 2.08
100_n_17_k_0_ID.txt 3994 0.25 276 976 2784 30.3
100_n_17_k_0_ID.txt 3994 0.5 1176 1741 3045 23.76
100_n_17_k_0_ID.txt 3994 0.75 2668 2981 3343 16.3
500_n_7_k_6_ID.txt 122830 0.25 7626 48368 120884 1.58
500_n_7_k_6_ID.txt 122830 0.5 30876 63473 121416 1.15
500_n_7_k_6_ID.txt 122830 0.75 69751 88737 121807 0.83
100_n_3_k_9_ID.txt 4702 0.25 276 2920 4587 2.45
100_n_3_k_9_ID.txt 4702 0.5 1176 3302 4616 1.83
100_n_3_k_9_ID.txt 4702 0.75 2701 3908 4643 1.25
100_n_9_k_1_ID.txt 4425 0.25 276 1402 3795 14.24
100_n_9_k_1_ID.txt 4425 0.5 1176 2074 3923 11.34
100_n_9_k_1_ID.txt 4425 0.75 2701 3230 4111 7.1
1000_n_5_k_6_ID.txt 496640 0.25 30876 288023 494713 0.39
1000_n_5_k_6_ID.txt 496640 0.5 124251 330017 495035 0.32
1000_n_5_k_6_ID.txt 496640 0.75 280126 399789 495359 0.26
1000_n_86_k_4_ID.txt 475635 0.25 30876 53972 378365 20.45
1000_n_86_k_4_ID.txt 475635 0.5 124251 142726 395393 16.87
1000_n_86_k_4_ID.txt 475635 0.75 280126 290842 414888 12.77
100_n_12_k_2_ID.txt 4444 0.25 276 1427 3724 16.2
100_n_12_k_2_ID.txt 4444 0.5 1176 2102 3961 10.87
100_n_12_k_2_ID.txt 4444 0.75 2701 3239 4166 6.26
500_n_2_k_4_ID.txt 123704 0.25 7626 112084 123672 0.03
500_n_2_k_4_ID.txt 123704 0.5 30876 114452 123683 0.02
500_n_2_k_4_ID.txt 123704 0.75 69751 118342 123693 0.01
500_n_37_k_9_ID.txt 118868 0.25 7626 19226 101227 14.84
500_n_37_k_9_ID.txt 118868 0.5 30876 40100 104445 12.13
500_n_37_k_9_ID.txt 118868 0.75 69751 75161 107764 9.34
100_n_6_k_7_ID.txt 4613 0.25 276 2075 4285 7.11
100_n_6_k_7_ID.txt 4613 0.5 1176 2638 4388 4.88
100_n_6_k_7_ID.txt 4613 0.75 2701 3562 4454 3.45
500_n_2_k_8_ID.txt 123692 0.25 7626 112055 123645 0.04
500_n_2_k_8_ID.txt 123692 0.5 30876 114317 123661 0.03
500_n_2_k_8_ID.txt 123692 0.75 69751 118295 123671 0.02
500_n_8_k_0_ID.txt 122740 0.25 7626 48252 120795 1.58
500_n_8_k_0_ID.txt 122740 0.5 30876 63487 121209 1.25
500_n_8_k_0_ID.txt 122740 0.75 69751 88707 121702 0.85
100_n_3_k_5_ID.txt 4672 0.25 276 2724 4518 3.3
100_n_3_k_5_ID.txt 4672 0.5 1176 3114 4566 2.27
100_n_3_k_5_ID.txt 4672 0.75 2701 3800 4597 1.61
1000_n_1_k_7_ID.txt 497454 0.25 30876 474152 497407 0.01
1000_n_1_k_7_ID.txt 497454 0.5 124251 478902 497419 0.01
1000_n_1_k_7_ID.txt 497454 0.75 280126 486683 497436 0.0
500_n_33_k_4_ID.txt 118413 0.25 7626 19299 101184 14.55
500_n_33_k_4_ID.txt 118413 0.5 30876 40230 104263 11.95
500_n_33_k_4_ID.txt 118413 0.75 69751 75180 107984 8.81
500_n_6_k_5_ID.txt 123146 0.25 7626 59946 121975 0.95
500_n_6_k_5_ID.txt 123146 0.5 30876 72637 122251 0.73
500_n_6_k_5_ID.txt 123146 0.75 69751 94142 122497 0.53
500_n_3_k_7_ID.txt 123606 0.25 7626 94745 123434 0.14
500_n_3_k_7_ID.txt 123606 0.5 30876 100525 123476 0.11
500_n_3_k_7_ID.txt 123606 0.75 69751 110338 123542 0.05
1000_n_22_k_1_ID.txt 491551 0.25 30876 100884 469360 4.51
1000_n_22_k_1_ID.txt 491551 0.5 124251 180353 473396 3.69
1000_n_22_k_1_ID.txt 491551 0.75 280126 312700 477184 2.92
100_n_7_k_8_ID.txt 4523 0.25 276 1819 4115 9.02
100_n_7_k_8_ID.txt 4523 0.5 1176 2422 4209 6.94
100_n_7_k_8_ID.txt 4523 0.75 2701 3405 4295 5.04
100_n_54_k_8_ID.txt 2427 0.25 265 503 993 59.09
100_n_54_k_8_ID.txt 2427 0.5 1039 1240 1768 27.15
100_n_54_k_8_ID.txt 2427 0.75 2368 2489 2626 -8.2
1000_n_4_k_5_ID.txt 496672 0.25 30876 287263 495153 0.31
1000_n_4_k_5_ID.txt 496672 0.5 124251 329146 495463 0.24
1000_n_4_k_5_ID.txt 496672 0.75 280126 399536 495785 0.18
500_n_9_k_3_ID.txt 122577 0.25 7626 42700 120010 2.09
500_n_9_k_3_ID.txt 122577 0.5 30876 58935 120598 1.61
500_n_9_k_3_ID.txt 122577 0.75 69751 86094 121211 1.11
1000_n_4_k_9_ID.txt 496928 0.25 30876 333996 496256 0.14
1000_n_4_k_9_ID.txt 496928 0.5 124251 366503 496449 0.1
1000_n_4_k_9_ID.txt 496928 0.75 280126 421030 496626 0.06
100_n_7_k_4_ID.txt 4509 0.25 276 1847 4138 8.23
100_n_7_k_4_ID.txt 4509 0.5 1176 2437 4216 6.5
100_n_7_k_4_ID.txt 4509 0.75 2701 3400 4343 3.68
100_n_2_k_6_ID.txt 4737 0.25 276 4065 4724 0.27
100_n_2_k_6_ID.txt 4737 0.5 1176 4176 4730 0.15
100_n_2_k_6_ID.txt 4737 0.75 2701 4420 4734 0.06
500_n_81_k_5_ID.txt 113019 0.25 7626 13382 73324 35.12
500_n_81_k_5_ID.txt 113019 0.5 30876 35478 81450 27.93
500_n_81_k_5_ID.txt 113019 0.75 69726 72382 90400 20.01
1000_n_82_k_9_ID.txt 477764 0.25 30876 54346 390551 18.25
1000_n_82_k_9_ID.txt 477764 0.5 124251 143012 407421 14.72
1000_n_82_k_9_ID.txt 477764 0.75 280126 291179 425602 10.92
500_n_6_k_9_ID.txt 123092 0.25 7626 59721 121724 1.11
500_n_6_k_9_ID.txt 123092 0.5 30876 72474 121983 0.9
500_n_6_k_9_ID.txt 123092 0.75 69751 93837 122312 0.63
500_n_7_k_8_ID.txt 122767 0.25 7626 48260 120243 2.06
500_n_7_k_8_ID.txt 122767 0.5 30876 63496 120736 1.65
500_n_7_k_8_ID.txt 122767 0.75 69751 88769 121170 1.3
100_n_6_k_5_ID.txt 4565 0.25 276 2083 4141 9.29
100_n_6_k_5_ID.txt 4565 0.5 1176 2631 4208 7.82
100_n_6_k_5_ID.txt 4565 0.75 2701 3531 4303 5.74
500_n_8_k_2_ID.txt 122682 0.25 7626 48223 120252 1.98
500_n_8_k_2_ID.txt 122682 0.5 30876 63372 120737 1.59
500_n_8_k_2_ID.txt 122682 0.75 69751 88642 121263 1.16
100_n_32_k_7_ID.txt 3491 0.25 276 694 2003 42.62
100_n_32_k_7_ID.txt 3491 0.5 1176 1511 2556 26.78
100_n_32_k_7_ID.txt 3491 0.75 2613 2818 3322 4.84
100_n_6_k_9_ID.txt 4596 0.25 276 2075 4259 7.33
100_n_6_k_9_ID.txt 4596 0.5 1176 2634 4370 4.92
100_n_6_k_9_ID.txt 4596 0.75 2701 3537 4444 3.31
1000_n_5_k_4_ID.txt 496462 0.25 30876 264678 494708 0.35
1000_n_5_k_4_ID.txt 496462 0.5 124251 311148 495097 0.27
1000_n_5_k_4_ID.txt 496462 0.75 280126 388839 495491 0.2
100_n_55_k_9_ID.txt 2496 0.25 266 520 992 60.26
100_n_55_k_9_ID.txt 2496 0.5 1125 1338 1684 32.53
100_n_55_k_9_ID.txt 2496 0.75 2351 2478 2661 -6.61
500_n_2_k_6_ID.txt 123693 0.25 7626 112200 123646 0.04
500_n_2_k_6_ID.txt 123693 0.5 30876 114516 123660 0.03
500_n_2_k_6_ID.txt 123693 0.75 69751 118421 123674 0.02
1000_n_23_k_0_ID.txt 491575 0.25 30876 100912 472180 3.95
1000_n_23_k_0_ID.txt 491575 0.5 124251 180192 475854 3.2
1000_n_23_k_0_ID.txt 491575 0.75 280126 312769 479569 2.44
1000_n_11_k_2_ID.txt 494405 0.25 30876 147877 486151 1.67
1000_n_11_k_2_ID.txt 494405 0.5 124251 217681 487825 1.33
1000_n_11_k_2_ID.txt 494405 0.75 280126 334486 489326 1.03
1000_n_1_k_9_ID.txt 497452 0.25 30876 474258 497403 0.01
1000_n_1_k_9_ID.txt 497452 0.5 124251 478998 497423 0.01
1000_n_1_k_9_ID.txt 497452 0.75 280126 486651 497437 0.0
100_n_51_k_4_ID.txt 2459 0.25 276 512 1089 55.71
100_n_51_k_4_ID.txt 2459 0.5 1135 1325 1755 28.63
100_n_51_k_4_ID.txt 2459 0.75 2386 2496 2706 -10.04
100_n_2_k_4_ID.txt 4733 0.25 276 4105 4716 0.36
100_n_2_k_4_ID.txt 4733 0.5 1176 4225 4718 0.32
100_n_2_k_4_ID.txt 4733 0.75 2701 4466 4726 0.15
500_n_3_k_9_ID.txt 123517 0.25 7626 88813 123282 0.19
500_n_3_k_9_ID.txt 123517 0.5 30876 95759 123356 0.13
500_n_3_k_9_ID.txt 123517 0.75 69751 107356 123425 0.07
500_n_9_k_1_ID.txt 122765 0.25 7626 48268 120909 1.51
500_n_9_k_1_ID.txt 122765 0.5 30876 63329 121428 1.09
500_n_9_k_1_ID.txt 122765 0.75 69751 88694 122008 0.62
500_n_36_k_8_ID.txt 118695 0.25 7626 19313 101628 14.38
500_n_36_k_8_ID.txt 118695 0.5 30876 40228 105336 11.25
500_n_36_k_8_ID.txt 118695 0.75 69751 75230 108879 8.27
100_n_13_k_3_ID.txt 4306 0.25 276 1191 3423 20.51
100_n_13_k_3_ID.txt 4306 0.5 1176 1904 3663 14.93
100_n_13_k_3_ID.txt 4306 0.75 2700 3118 3955 8.15
1000_n_35_k_8_ID.txt 488034 0.25 30876 77371 452506 7.28
1000_n_35_k_8_ID.txt 488034 0.5 124251 161456 459290 5.89
1000_n_35_k_8_ID.txt 488034 0.75 280126 301956 466164 4.48
500_n_3_k_5_ID.txt 123518 0.25 7626 88991 123253 0.21
500_n_3_k_5_ID.txt 123518 0.5 30876 96014 123315 0.16
500_n_3_k_5_ID.txt 123518 0.75 69751 107638 123405 0.09
1000_n_4_k_7_ID.txt 496790 0.25 30876 310976 495896 0.18
1000_n_4_k_7_ID.txt 496790 0.5 124251 348175 496154 0.13
1000_n_4_k_7_ID.txt 496790 0.75 280126 410499 496411 0.08
100_n_2_k_8_ID.txt 4746 0.25 276 4267 4737 0.19
100_n_2_k_8_ID.txt 4746 0.5 1176 4374 4744 0.04
100_n_2_k_8_ID.txt 4746 0.75 2701 4529 4744 0.04
1000_n_1_k_5_ID.txt 497455 0.25 30876 474104 497418 0.01
1000_n_1_k_5_ID.txt 497455 0.5 124251 478705 497434 0.0
1000_n_1_k_5_ID.txt 497455 0.75 280126 486642 497441 0.0
100_n_8_k_0_ID.txt 4469 0.25 276 1625 4014 10.18
100_n_8_k_0_ID.txt 4469 0.5 1176 2230 4072 8.88
100_n_8_k_0_ID.txt 4469 0.75 2701 3291 4205 5.91
500_n_469_k_0_ID.txt 43131 0.25 5192 5744 6252 85.5
500_n_469_k_0_ID.txt 43131 0.5 21265 21744 22219 48.48
500_n_469_k_0_ID.txt 43131 0.75 38471 38758 38982 9.62
1000_n_10_k_1_ID.txt 495047 0.25 30876 170768 489898 1.04
1000_n_10_k_1_ID.txt 495047 0.5 124251 236336 491084 0.8
1000_n_10_k_1_ID.txt 495047 0.75 280126 345634 492292 0.56
500_n_6_k_7_ID.txt 122983 0.25 7626 54348 121354 1.32
500_n_6_k_7_ID.txt 122983 0.5 30876 68323 121704 1.04
500_n_6_k_7_ID.txt 122983 0.75 69751 91453 122030 0.77
100_n_4_k_3_ID.txt 4613 0.25 276 2537 4418 4.23
100_n_4_k_3_ID.txt 4613 0.5 1176 2962 4453 3.47
100_n_4_k_3_ID.txt 4613 0.75 2701 3718 4473 3.03
500_n_15_k_6_ID.txt 121731 0.25 7626 30836 115595 5.04
500_n_15_k_6_ID.txt 121731 0.5 30876 49479 116908 3.96
500_n_15_k_6_ID.txt 121731 0.75 69751 80503 118148 2.94
100_n_1_k_1_ID.txt 4749 0.25 276 4537 4745 0.08
100_n_1_k_1_ID.txt 4749 0.5 1176 4577 4746 0.06
100_n_1_k_1_ID.txt 4749 0.75 2701 4642 4747 0.04
1000_n_8_k_4_ID.txt 495620 0.25 30876 193860 491784 0.77
1000_n_8_k_4_ID.txt 495620 0.5 124251 254610 492633 0.6
1000_n_8_k_4_ID.txt 495620 0.75 280126 356102 493465 0.43
1000_n_2_k_0_ID.txt 497377 0.25 30876 450865 497265 0.02
1000_n_2_k_0_ID.txt 497377 0.5 124251 460126 497294 0.02
1000_n_2_k_0_ID.txt 497377 0.75 280126 475678 497331 0.01
500_n_10_k_8_ID.txt 122516 0.25 7626 42530 119912 2.13
500_n_10_k_8_ID.txt 122516 0.5 30876 58682 120488 1.66
500_n_10_k_8_ID.txt 122516 0.75 69751 85864 121061 1.19
500_n_5_k_2_ID.txt 123222 0.25 7626 65764 122491 0.59
500_n_5_k_2_ID.txt 123222 0.5 30876 77401 122672 0.45
500_n_5_k_2_ID.txt 123222 0.75 69751 96782 122868 0.29
1000_n_13_k_4_ID.txt 494354 0.25 30876 147536 487020 1.48
1000_n_13_k_4_ID.txt 494354 0.5 124251 217483 488875 1.11
1000_n_13_k_4_ID.txt 494354 0.75 280126 334548 490398 0.8
1000_n_81_k_2_ID.txt 475902 0.25 30876 54473 387216 18.64
1000_n_81_k_2_ID.txt 475902 0.5 124251 143130 402973 15.32
1000_n_81_k_2_ID.txt 475902 0.75 280126 291123 420085 11.73
100_n_10_k_6_ID.txt 4473 0.25 276 1409 3866 13.57
100_n_10_k_6_ID.txt 4473 0.5 1176 2071 4046 9.55
100_n_10_k_6_ID.txt 4473 0.75 2701 3216 4232 5.39
500_n_86_k_3_ID.txt 113007 0.25 7626 13225 73359 35.08
500_n_86_k_3_ID.txt 113007 0.5 30876 35390 81590 27.8
500_n_86_k_3_ID.txt 113007 0.75 69751 72388 91682 18.87
100_n_5_k_0_ID.txt 4581 0.25 276 2054 4257 7.07
100_n_5_k_0_ID.txt 4581 0.5 1176 2618 4343 5.2
100_n_5_k_0_ID.txt 4581 0.75 2701 3528 4418 3.56
100_n_14_k_7_ID.txt 4228 0.25 276 1186 3421 19.09
100_n_14_k_7_ID.txt 4228 0.5 1176 1903 3596 14.95
100_n_14_k_7_ID.txt 4228 0.75 2701 3111 3802 10.08
1000_n_25_k_7_ID.txt 491257 0.25 30876 101190 469680 4.39
1000_n_25_k_7_ID.txt 491257 0.5 124251 180582 473471 3.62
1000_n_25_k_7_ID.txt 491257 0.75 280126 313128 477095 2.88
500_n_4_k_1_ID.txt 123436 0.25 7626 77140 122907 0.43
500_n_4_k_1_ID.txt 123436 0.5 30876 86342 123038 0.32
500_n_4_k_1_ID.txt 123436 0.75 69751 101940 123148 0.23
1000_n_12_k_7_ID.txt 494380 0.25 30876 147412 487692 1.35
1000_n_12_k_7_ID.txt 494380 0.5 124251 217536 489410 1.01
1000_n_12_k_7_ID.txt 494380 0.75 280126 334578 490967 0.69
1000_n_3_k_3_ID.txt 497084 0.25 30876 357728 496640 0.09
1000_n_3_k_3_ID.txt 497084 0.5 124251 385820 496776 0.06
1000_n_3_k_3_ID.txt 497084 0.75 280126 432651 496918 0.03
1000_n_6_k_1_ID.txt 496245 0.25 30876 240455 494118 0.43
1000_n_6_k_1_ID.txt 496245 0.5 124251 291709 494688 0.31
1000_n_6_k_1_ID.txt 496245 0.75 280126 377842 495210 0.21
500_n_14_k_9_ID.txt 121579 0.25 7626 30961 115502 5.0
500_n_14_k_9_ID.txt 121579 0.5 30876 49547 116675 4.03
500_n_14_k_9_ID.txt 121579 0.75 69751 80542 117755 3.15
500_n_23_k_9_ID.txt 120760 0.25 7626 25061 111072 8.02
500_n_23_k_9_ID.txt 120760 0.5 30876 44825 113044 6.39
500_n_23_k_9_ID.txt 120760 0.75 69751 77946 115139 4.65
100_n_11_k_5_ID.txt 4403 0.25 276 1396 3829 13.04
100_n_11_k_5_ID.txt 4403 0.5 1176 2088 3987 9.45
100_n_11_k_5_ID.txt 4403 0.75 2693 3194 4145 5.86
500_n_1_k_3_ID.txt 123731 0.25 7626 118033 123713 0.01
500_n_1_k_3_ID.txt 123731 0.5 30876 119122 123718 0.01
500_n_1_k_3_ID.txt 123731 0.75 69751 121117 123725 0.0
1000_n_17_k_5_ID.txt 493178 0.25 30876 124648 480796 2.51
1000_n_17_k_5_ID.txt 493178 0.5 124251 199448 482995 2.06
1000_n_17_k_5_ID.txt 493178 0.75 280126 323861 485318 1.59
